# Step, Time, dipole_x, dipole_y, dipole_z (all in a.u.)
0.000000000000000000e+00 0.000000000000000000e+00 -7.743741377807971116e-01 -7.549516567451064475e-15 -6.410847095339749931e-16 -7.743741377807971116e-01 -7.549516567451064475e-15 -6.410847095339749931e-16
1.000000000000000000e+00 2.067068589564640035e+01 -7.744881570556448880e-01 -2.775557561562891351e-15 -2.149012061011124448e-17 -7.744881570556448880e-01 -2.775557561562891351e-15 -2.149012061011124448e-17
2.000000000000000000e+00 4.134137179129280071e+01 -7.748146906571671266e-01 -1.887379141862766119e-15 5.172944437729264268e-16 -7.748146906571671266e-01 -1.887379141862766119e-15 5.172944437729264268e-16
3.000000000000000000e+00 6.201205768693920106e+01 -7.753081057942700083e-01 -1.221245327087672194e-15 -2.036293929094388553e-16 -7.753081057942700083e-01 -1.221245327087672194e-15 -2.036293929094388553e-16
4.000000000000000000e+00 8.268274358258560142e+01 -7.759043861101154738e-01 -1.354472090042690979e-14 -1.588807957710460693e-16 -7.759043861101154738e-01 -1.354472090042690979e-14 -1.588807957710460693e-16
5.000000000000000000e+00 1.033534294782320018e+02 -7.765340156829314555e-01 9.325873406851314940e-15 4.613631438804948428e-16 -7.765340156829314555e-01 9.325873406851314940e-15 4.613631438804948428e-16
6.000000000000000000e+00 1.240241153738784021e+02 -7.771338345887092158e-01 -2.220446049250313081e-16 -1.121606991405619820e-17 -7.771338345887092158e-01 -2.220446049250313081e-16 -1.121606991405619820e-17
7.000000000000000000e+00 1.446948012695248167e+02 -7.776549576013830345e-01 1.143529715363911237e-14 -2.543905538436895357e-16 -7.776549576013830345e-01 1.143529715363911237e-14 -2.543905538436895357e-16
8.000000000000000000e+00 1.653654871651712028e+02 -7.780661819753867947e-01 -3.663735981263016583e-15 3.463255238289898912e-18 -7.780661819753867947e-01 -3.663735981263016583e-15 3.463255238289898912e-18
9.000000000000000000e+00 1.860361730608175890e+02 -7.783540812332311321e-01 -1.554312234475219157e-15 -2.509573054958177469e-16 -7.783540812332311321e-01 -1.554312234475219157e-15 -2.509573054958177469e-16
1.000000000000000000e+01 2.067068589564639751e+02 -7.785211591144678422e-01 -5.440092820663267048e-15 -5.984329113677041724e-16 -7.785211591144678422e-01 -5.440092820663267048e-15 -5.984329113677041724e-16
1.100000000000000000e+01 2.273775448521103613e+02 -7.785866241495608131e-01 7.549516567451064475e-15 -6.042736939303365427e-16 -7.785866241495608131e-01 7.549516567451064475e-15 -6.042736939303365427e-16
1.200000000000000000e+01 2.480482307477567474e+02 -7.785834412127606852e-01 -6.550315845288423588e-15 -4.061703102764598488e-16 -7.785834412127606852e-01 -6.550315845288423588e-15 -4.061703102764598488e-16
1.300000000000000000e+01 2.687189166434031335e+02 -7.785605426126566142e-01 -1.632027846198980114e-14 -1.332095678233254180e-16 -7.785605426126566142e-01 -1.632027846198980114e-14 -1.332095678233254180e-16
1.400000000000000000e+01 2.893896025390495197e+02 -7.785808942306398084e-01 1.498801083243961330e-14 2.271218969363763212e-16 -7.785808942306398084e-01 1.498801083243961330e-14 2.271218969363763212e-16
1.500000000000000000e+01 3.100602884346959058e+02 -7.787170937065776011e-01 -1.698641227676489507e-14 -6.089246743467886467e-16 -7.787170937065776011e-01 -1.698641227676489507e-14 -6.089246743467886467e-16
1.600000000000000000e+01 3.307309743303422920e+02 -7.790425628254564749e-01 -6.661338147750939243e-15 -7.822745969039839818e-16 -7.790425628254564749e-01 -6.661338147750939243e-15 -7.822745969039839818e-16
1.700000000000000000e+01 3.514016602259886781e+02 -7.796190703641842079e-01 1.998401444325281773e-15 -9.149906855846589143e-16 -7.796190703641842079e-01 1.998401444325281773e-15 -9.149906855846589143e-16
1.800000000000000000e+01 3.720723461216350643e+02 -7.804838268902548615e-01 -6.661338147750939243e-15 -1.567489467799742545e-15 -7.804838268902548615e-01 -6.661338147750939243e-15 -1.567489467799742545e-15
1.900000000000000000e+01 3.927430320172814504e+02 -7.816391205636644690e-01 -2.886579864025407005e-15 -3.315926725103031567e-16 -7.816391205636644690e-01 -2.886579864025407005e-15 -3.315926725103031567e-16
2.000000000000000000e+01 4.134137179129278366e+02 -7.830448064177867318e-01 6.328271240363392280e-15 -8.188632648223105224e-16 -7.830448064177867318e-01 6.328271240363392280e-15 -8.188632648223105224e-16
2.100000000000000000e+01 4.340844038085742227e+02 -7.846321875105328747e-01 -5.773159728050814010e-15 -3.783558596100992408e-16 -7.846321875105328747e-01 -5.773159728050814010e-15 -3.783558596100992408e-16
2.200000000000000000e+01 4.547550897042206088e+02 -7.863066362031256862e-01 -8.215650382226158399e-15 -6.597683540291681820e-16 -7.863066362031256862e-01 -8.215650382226158399e-15 -6.597683540291681820e-16
2.300000000000000000e+01 4.754257755998669950e+02 -7.879658053832883091e-01 1.354472090042690979e-14 -1.407748943064587199e-15 -7.879658053832883091e-01 1.354472090042690979e-14 -1.407748943064587199e-15
2.400000000000000000e+01 4.960964614955133811e+02 -7.895116786133383746e-01 2.997602166487922659e-15 -1.323030527026358473e-15 -7.895116786133383746e-01 2.997602166487922659e-15 -1.323030527026358473e-15
2.500000000000000000e+01 5.167671473911598241e+02 -7.908602216394566842e-01 -5.884182030513329664e-15 -1.100877433865417965e-15 -7.908602216394566842e-01 -5.884182030513329664e-15 -1.100877433865417965e-15
2.600000000000000000e+01 5.374378332868062671e+02 -7.919419894671748672e-01 -2.886579864025407005e-15 -1.855038892699910041e-15 -7.919419894671748672e-01 -2.886579864025407005e-15 -1.855038892699910041e-15
2.700000000000000000e+01 5.581085191824527101e+02 -7.927080010485042516e-01 -1.831867990631508292e-14 -1.458176192450392340e-15 -7.927080010485042516e-01 -1.831867990631508292e-14 -1.458176192450392340e-15
2.800000000000000000e+01 5.787792050780991531e+02 -7.931253752489000330e-01 -6.550315845288423588e-15 -2.213859469595956629e-15 -7.931253752489000330e-01 -6.550315845288423588e-15 -2.213859469595956629e-15
2.900000000000000000e+01 5.994498909737455961e+02 -7.931811649396635078e-01 -1.088018564132653410e-14 -1.906987090208671441e-15 -7.931811649396635078e-01 -1.088018564132653410e-14 -1.906987090208671441e-15
3.000000000000000000e+01 6.201205768693920390e+02 -7.928760717049663231e-01 4.440892098500626162e-16 -2.247679492704504265e-15 -7.928760717049663231e-01 4.440892098500626162e-16 -2.247679492704504265e-15
3.100000000000000000e+01 6.407912627650384820e+02 -7.922320362401420457e-01 -3.996802888650563546e-15 -2.522104927538677852e-15 -7.922320362401420457e-01 -3.996802888650563546e-15 -2.522104927538677852e-15
3.200000000000000000e+01 6.614619486606849250e+02 -7.912907980143030207e-01 -1.265654248072678456e-14 -3.569224101751621558e-15 -7.912907980143030207e-01 -1.265654248072678456e-14 -3.569224101751621558e-15
3.300000000000000000e+01 6.821326345563313680e+02 -7.901118198907362000e-01 -1.110223024625156540e-14 -2.425872332914762640e-15 -7.901118198907362000e-01 -1.110223024625156540e-14 -2.425872332914762640e-15
3.400000000000000000e+01 7.028033204519778110e+02 -7.887662812765899867e-01 -1.276756478318930021e-14 -1.823101950559274403e-15 -7.887662812765899867e-01 -1.276756478318930021e-14 -1.823101950559274403e-15
3.500000000000000000e+01 7.234740063476242540e+02 -7.873280940459016497e-01 -6.883382752675970551e-15 -2.505191419179436086e-15 -7.873280940459016497e-01 -6.883382752675970551e-15 -2.505191419179436086e-15
3.600000000000000000e+01 7.441446922432706970e+02 -7.858578074463168361e-01 -6.661338147750939243e-16 -2.867410264144901341e-15 -7.858578074463168361e-01 -6.661338147750939243e-16 -2.867410264144901341e-15
3.700000000000000000e+01 7.648153781389171399e+02 -7.843965850132048612e-01 -2.997602166487922659e-15 -2.670146959909254141e-15 -7.843965850132048612e-01 -2.997602166487922659e-15 -2.670146959909254141e-15
3.800000000000000000e+01 7.854860640345635829e+02 -7.829582801032244355e-01 -1.021405182655144017e-14 -3.262404355301454049e-15 -7.829582801032244355e-01 -1.021405182655144017e-14 -3.262404355301454049e-15
3.900000000000000000e+01 8.061567499302100259e+02 -7.815302376028918641e-01 -1.765254609153998899e-14 -3.378786286678986803e-15 -7.815302376028918641e-01 -1.765254609153998899e-14 -3.378786286678986803e-15
4.000000000000000000e+01 8.268274358258564689e+02 -7.800823217161966250e-01 -2.120525977034048992e-14 -3.209930731190576828e-15 -7.800823217161966250e-01 -2.120525977034048992e-14 -3.209930731190576828e-15
4.100000000000000000e+01 8.474981217215029119e+02 -7.785777585511914900e-01 -2.575717417130363174e-14 -3.124998762391466073e-15 -7.785777585511914900e-01 -2.575717417130363174e-14 -3.124998762391466073e-15
4.200000000000000000e+01 8.681688076171493549e+02 -7.769846121447351317e-01 -2.253752739989067777e-14 -3.318774139834105837e-15 -7.769846121447351317e-01 -2.253752739989067777e-14 -3.318774139834105837e-15
4.300000000000000000e+01 8.888394935127957979e+02 -7.752841204114747642e-01 -1.054711873393898713e-14 -4.278968656618242870e-15 -7.752841204114747642e-01 -1.054711873393898713e-14 -4.278968656618242870e-15
4.400000000000000000e+01 9.095101794084422409e+02 -7.734749518498931220e-01 -9.769962616701377556e-15 -3.901540916998243563e-15 -7.734749518498931220e-01 -9.769962616701377556e-15 -3.901540916998243563e-15
4.500000000000000000e+01 9.301808653040886838e+02 -7.715742030092713755e-01 -3.286260152890463360e-14 -3.946262824588033010e-15 -7.715742030092713755e-01 -3.286260152890463360e-14 -3.946262824588033010e-15
4.600000000000000000e+01 9.508515511997351268e+02 -7.696155871276464389e-01 -3.064215547965432052e-14 -4.276249894781664637e-15 -7.696155871276464389e-01 -3.064215547965432052e-14 -4.276249894781664637e-15
4.700000000000000000e+01 9.715222370953815698e+02 -7.676519125168760338e-01 -2.109423746787797427e-14 -4.065890254845204428e-15 -7.676519125168760338e-01 -2.109423746787797427e-14 -4.065890254845204428e-15
4.800000000000000000e+01 9.921929229910280128e+02 -7.657497102812539369e-01 -3.075317778211683617e-14 -4.019602546792130668e-15 -7.657497102812539369e-01 -3.075317778211683617e-14 -4.019602546792130668e-15
4.900000000000000000e+01 1.012863608886674456e+03 -7.639940743845338167e-01 -2.209343819004061515e-14 -4.233357484623639475e-15 -7.639940743845338167e-01 -2.209343819004061515e-14 -4.233357484623639475e-15
5.000000000000000000e+01 1.033534294782320785e+03 -7.624846898001655937e-01 -1.743050148661495768e-14 -4.284070443189059483e-15 -7.624846898001655937e-01 -1.743050148661495768e-14 -4.284070443189059483e-15
5.100000000000000000e+01 1.054204980677967114e+03 -7.613348407134225004e-01 -2.198241588757809950e-14 -4.474417994341568772e-15 -7.613348407134225004e-01 -2.198241588757809950e-14 -4.474417994341568772e-15
5.200000000000000000e+01 1.074875666573613444e+03 -7.606555677059915199e-01 -2.498001805406602216e-14 -4.915355720290088851e-15 -7.606555677059915199e-01 -2.498001805406602216e-14 -4.915355720290088851e-15
5.300000000000000000e+01 1.095546352469259773e+03 -7.605453242263733316e-01 -1.909583602355269250e-14 -5.223374129615274468e-15 -7.605453242263733316e-01 -1.909583602355269250e-14 -5.223374129615274468e-15
5.400000000000000000e+01 1.116217038364906102e+03 -7.610719504600821361e-01 -2.009503674571533338e-14 -6.011956890134318303e-15 -7.610719504600821361e-01 -2.009503674571533338e-14 -6.011956890134318303e-15
5.500000000000000000e+01 1.136887724260552432e+03 -7.622610705047080382e-01 -2.331468351712828735e-14 -5.524855850763332937e-15 -7.622610705047080382e-01 -2.331468351712828735e-14 -5.524855850763332937e-15
5.600000000000000000e+01 1.157558410156198761e+03 -7.640840745308332682e-01 -2.975397705995419528e-14 -6.064228655213795287e-15 -7.640840745308332682e-01 -2.975397705995419528e-14 -6.064228655213795287e-15
5.700000000000000000e+01 1.178229096051845090e+03 -7.664691639360367015e-01 -3.552713678800500929e-14 -6.275243372962203434e-15 -7.664691639360367015e-01 -3.552713678800500929e-14 -6.275243372962203434e-15
5.800000000000000000e+01 1.198899781947491419e+03 -7.693074118386478144e-01 -3.874678355941796326e-14 -6.665485681956536124e-15 -7.693074118386478144e-01 -3.874678355941796326e-14 -6.665485681956536124e-15
5.900000000000000000e+01 1.219570467843137749e+03 -7.724716299084638527e-01 -2.231548279496564646e-14 -6.391672923362415727e-15 -7.724716299084638527e-01 -2.231548279496564646e-14 -6.391672923362415727e-15
6.000000000000000000e+01 1.240241153738784078e+03 -7.758316638514609620e-01 -2.453592884421595954e-14 -6.030475010901780268e-15 -7.758316638514609620e-01 -2.453592884421595954e-14 -6.030475010901780268e-15
6.100000000000000000e+01 1.260911839634430407e+03 -7.792658953915743147e-01 -2.731148640577885089e-14 -7.000891639076533148e-15 -7.792658953915743147e-01 -2.731148640577885089e-14 -7.000891639076533148e-15
6.200000000000000000e+01 1.281582525530076737e+03 -7.826673463101087025e-01 -3.308464613382966490e-14 -7.761320003185157315e-15 -7.826673463101087025e-01 -3.308464613382966490e-14 -7.761320003185157315e-15
6.300000000000000000e+01 1.302253211425723066e+03 -7.859454658002615890e-01 -3.563815909046752495e-14 -8.242724494674545117e-15 -7.859454658002615890e-01 -3.563815909046752495e-14 -8.242724494674545117e-15
6.400000000000000000e+01 1.322923897321369395e+03 -7.890265750545334411e-01 -2.731148640577885089e-14 -7.874417147298965888e-15 -7.890265750545334411e-01 -2.731148640577885089e-14 -7.874417147298965888e-15
6.500000000000000000e+01 1.343594583217015725e+03 -7.918485892593537523e-01 -4.096722960866827634e-14 -8.575181431042045398e-15 -7.918485892593537523e-01 -4.096722960866827634e-14 -8.575181431042045398e-15
6.600000000000000000e+01 1.364265269112662054e+03 -7.943717738933231409e-01 -3.075317778211683617e-14 -8.066313619271586406e-15 -7.943717738933231409e-01 -3.075317778211683617e-14 -8.066313619271586406e-15
6.700000000000000000e+01 1.384935955008308383e+03 -7.965681340874174454e-01 -4.563016631209393381e-14 -8.734187050128874405e-15 -7.965681340874174454e-01 -4.563016631209393381e-14 -8.734187050128874405e-15
6.800000000000000000e+01 1.405606640903954712e+03 -7.984284294965547923e-01 -4.396483177515619900e-14 -9.320976210121993535e-15 -7.984284294965547923e-01 -4.396483177515619900e-14 -9.320976210121993535e-15
6.900000000000000000e+01 1.426277326799601042e+03 -7.999586744232888291e-01 -4.329869796038110508e-14 -8.917179587727026232e-15 -7.999586744232888291e-01 -4.329869796038110508e-14 -8.917179587727026232e-15
7.000000000000000000e+01 1.446948012695247371e+03 -8.011753265529939494e-01 -3.408384685599230579e-14 -9.451994086326166727e-15 -8.011753265529939494e-01 -3.408384685599230579e-14 -9.451994086326166727e-15
7.100000000000000000e+01 1.467618698590893700e+03 -8.020967494964459377e-01 -4.296563105299355811e-14 -8.983733111434642928e-15 -8.020967494964459377e-01 -4.296563105299355811e-14 -8.983733111434642928e-15
7.200000000000000000e+01 1.488289384486540030e+03 -8.027351384394302292e-01 -4.862776847858185647e-14 -9.178162363947865048e-15 -8.027351384394302292e-01 -4.862776847858185647e-14 -9.178162363947865048e-15
7.300000000000000000e+01 1.508960070382186359e+03 -8.030860969130636517e-01 -4.385380947269368335e-14 -9.842051155574889923e-15 -8.030860969130636517e-01 -4.385380947269368335e-14 -9.842051155574889923e-15
7.400000000000000000e+01 1.529630756277832688e+03 -8.031237434199591796e-01 -5.340172748447002959e-14 -1.010144584405739015e-14 -8.031237434199591796e-01 -5.340172748447002959e-14 -1.010144584405739015e-14
7.500000000000000000e+01 1.550301442173479018e+03 -8.028075601495147096e-01 -3.164135620181696140e-14 -1.036527745527547333e-14 -8.028075601495147096e-01 -3.164135620181696140e-14 -1.036527745527547333e-14
7.600000000000000000e+01 1.570972128069125347e+03 -8.020841428355404146e-01 -5.218048215738235740e-14 -1.047486096011071880e-14 -8.020841428355404146e-01 -5.218048215738235740e-14 -1.047486096011071880e-14
7.700000000000000000e+01 1.591642813964771676e+03 -8.008996784673949598e-01 -4.318767565791858942e-14 -1.119706620683501612e-14 -8.008996784673949598e-01 -4.318767565791858942e-14 -1.119706620683501612e-14
7.800000000000000000e+01 1.612313499860418005e+03 -7.992103917062109986e-01 -3.863576125695544761e-14 -1.073435374291702214e-14 -7.992103917062109986e-01 -3.863576125695544761e-14 -1.073435374291702214e-14
7.900000000000000000e+01 1.632984185756064335e+03 -7.969895991454121198e-01 -3.785860513971783803e-14 -1.054306228647832392e-14 -7.969895991454121198e-01 -3.785860513971783803e-14 -1.054306228647832392e-14
8.000000000000000000e+01 1.653654871651710664e+03 -7.942316997171082749e-01 -3.996802888650563546e-14 -1.080573042963783760e-14 -7.942316997171082749e-01 -3.996802888650563546e-14 -1.080573042963783760e-14
8.100000000000000000e+01 1.674325557547356993e+03 -7.909531871043423701e-01 -5.118128143521971651e-14 -1.079344810871799043e-14 -7.909531871043423701e-01 -5.118128143521971651e-14 -1.079344810871799043e-14
8.200000000000000000e+01 1.694996243443003323e+03 -7.871942592325742449e-01 -2.542410726391608478e-14 -1.139351170359285567e-14 -7.871942592325742449e-01 -2.542410726391608478e-14 -1.139351170359285567e-14
8.300000000000000000e+01 1.715666929338649652e+03 -7.830157028811285391e-01 -1.976196983832778642e-14 -1.124834114271439609e-14 -7.830157028811285391e-01 -1.976196983832778642e-14 -1.124834114271439609e-14
8.400000000000000000e+01 1.736337615234295981e+03 -7.785027029854079128e-01 -4.951594689828198170e-14 -1.214346007059248138e-14 -7.785027029854079128e-01 -4.951594689828198170e-14 -1.214346007059248138e-14
8.500000000000000000e+01 1.757008301129942311e+03 -7.737653431896917011e-01 -3.430589146091733710e-14 -1.202180065971673869e-14 -7.737653431896917011e-01 -3.430589146091733710e-14 -1.202180065971673869e-14
8.600000000000000000e+01 1.777678987025588640e+03 -7.689400021302466026e-01 -3.075317778211683617e-14 -1.207107059252295765e-14 -7.689400021302466026e-01 -3.075317778211683617e-14 -1.207107059252295765e-14
8.700000000000000000e+01 1.798349672921234969e+03 -7.641873761897217676e-01 -5.062616992290713824e-14 -1.232078273675680912e-14 -7.641873761897217676e-01 -5.062616992290713824e-14 -1.232078273675680912e-14
8.800000000000000000e+01 1.819020358816881298e+03 -7.596853036662660763e-01 -3.186340080674199271e-14 -1.331536254481607059e-14 -7.596853036662660763e-01 -3.186340080674199271e-14 -1.331536254481607059e-14
8.900000000000000000e+01 1.839691044712527628e+03 -7.556154141508185651e-01 -3.619327060278010322e-14 -1.276449011908725011e-14 -7.556154141508185651e-01 -3.619327060278010322e-14 -1.276449011908725011e-14
9.000000000000000000e+01 1.860361730608173957e+03 -7.521451557769435192e-01 -4.751754545395669993e-14 -1.375539876341680079e-14 -7.521451557769435192e-01 -4.751754545395669993e-14 -1.375539876341680079e-14
9.100000000000000000e+01 1.881032416503820286e+03 -7.494089306796989369e-01 -4.096722960866827634e-14 -1.407324175842650053e-14 -7.494089306796989369e-01 -4.096722960866827634e-14 -1.407324175842650053e-14
9.200000000000000000e+01 1.901703102399466616e+03 -7.474964049527974552e-01 -4.629630012686902774e-14 -1.388733437276631746e-14 -7.474964049527974552e-01 -4.629630012686902774e-14 -1.388733437276631746e-14
9.300000000000000000e+01 1.922373788295112945e+03 -7.464430335545987338e-01 -4.352074256530613638e-14 -1.437780839275230051e-14 -7.464430335545987338e-01 -4.352074256530613638e-14 -1.437780839275230051e-14
9.400000000000000000e+01 1.943044474190759274e+03 -7.462374951802647205e-01 -3.808064974464286934e-14 -1.443171215222698350e-14 -7.462374951802647205e-01 -3.808064974464286934e-14 -1.443171215222698350e-14
9.500000000000000000e+01 1.963715160086405604e+03 -7.468347777669945842e-01 -3.419486915845482145e-14 -1.515635375513247140e-14 -7.468347777669945842e-01 -3.419486915845482145e-14 -1.515635375513247140e-14
9.600000000000000000e+01 1.984385845982051933e+03 -7.481667024644198527e-01 -3.264055692397960229e-14 -1.604108293967838239e-14 -7.481667024644198527e-01 -3.264055692397960229e-14 -1.604108293967838239e-14
9.700000000000000000e+01 2.005056531877698262e+03 -7.501538374057652447e-01 -2.897682094271658571e-14 -1.629641487538784503e-14 -7.501538374057652447e-01 -2.897682094271658571e-14 -1.629641487538784503e-14
9.800000000000000000e+01 2.025727217773344591e+03 -7.527194627574230745e-01 -3.619327060278010322e-14 -1.625698902826728842e-14 -7.527194627574230745e-01 -3.619327060278010322e-14 -1.625698902826728842e-14
9.900000000000000000e+01 2.046397903668990921e+03 -7.557860510155339773e-01 -3.241851231905457098e-14 -1.658724848083885434e-14 -7.557860510155339773e-01 -3.241851231905457098e-14 -1.658724848083885434e-14
1.000000000000000000e+02 2.067068589564637477e+03 -7.592808691643416763e-01 -4.696243394164412166e-14 -1.724713022994326180e-14 -7.592808691643416763e-01 -4.696243394164412166e-14 -1.724713022994326180e-14
1.010000000000000000e+02 2.087739275460283807e+03 -7.631307492834793482e-01 -3.630429290524261887e-14 -1.787282370378535548e-14 -7.631307492834793482e-01 -3.630429290524261887e-14 -1.787282370378535548e-14
1.020000000000000000e+02 2.108409961355930136e+03 -7.672724984251242386e-01 -3.008704396734174225e-14 -1.833639137593819020e-14 -7.672724984251242386e-01 -3.008704396734174225e-14 -1.833639137593819020e-14
1.030000000000000000e+02 2.129080647251576465e+03 -7.716447723798476321e-01 -3.708144902248022845e-14 -1.799725515574447504e-14 -7.716447723798476321e-01 -3.708144902248022845e-14 -1.799725515574447504e-14
1.040000000000000000e+02 2.149751333147222795e+03 -7.761933431371476066e-01 -3.108624468950438313e-14 -1.857588026621840905e-14 -7.761933431371476066e-01 -3.108624468950438313e-14 -1.857588026621840905e-14
1.050000000000000000e+02 2.170422019042869124e+03 -7.808691224722343893e-01 -4.074518500374324503e-14 -1.944200063231875079e-14 -7.808691224722343893e-01 -4.074518500374324503e-14 -1.944200063231875079e-14
1.060000000000000000e+02 2.191092704938515453e+03 -7.856236065943711377e-01 -2.797762022055394482e-14 -1.994253094026777418e-14 -7.856236065943711377e-01 -2.797762022055394482e-14 -1.994253094026777418e-14
1.070000000000000000e+02 2.211763390834161783e+03 -7.904015595459021881e-01 -4.529709940470638685e-14 -1.978590446947166267e-14 -7.904015595459021881e-01 -4.529709940470638685e-14 -1.978590446947166267e-14
1.080000000000000000e+02 2.232434076729808112e+03 -7.951334828538293431e-01 -4.796163466380676255e-14 -2.027067999951696693e-14 -7.951334828538293431e-01 -4.796163466380676255e-14 -2.027067999951696693e-14
1.090000000000000000e+02 2.253104762625454441e+03 -7.997268130746909565e-01 -5.051514762044462259e-14 -2.078837069243593353e-14 -7.997268130746909565e-01 -5.051514762044462259e-14 -2.078837069243593353e-14
1.100000000000000000e+02 2.273775448521100770e+03 -8.040711918338009356e-01 -5.284661597215745132e-14 -2.088563137989164274e-14 -8.040711918338009356e-01 -5.284661597215745132e-14 -2.088563137989164274e-14
1.110000000000000000e+02 2.294446134416747100e+03 -8.080381360983235339e-01 -4.307665335545607377e-14 -2.127773669575468421e-14 -8.080381360983235339e-01 -4.307665335545607377e-14 -2.127773669575468421e-14
1.120000000000000000e+02 2.315116820312393429e+03 -8.114939596223527118e-01 -5.906386491005832795e-14 -2.142126815584218300e-14 -8.114939596223527118e-01 -5.906386491005832795e-14 -2.142126815584218300e-14
1.130000000000000000e+02 2.335787506208039758e+03 -8.143111993698312068e-01 -3.641531520770513453e-14 -2.280421140340200405e-14 -8.143111993698312068e-01 -3.641531520770513453e-14 -2.280421140340200405e-14
1.140000000000000000e+02 2.356458192103686088e+03 -8.163791333259382554e-01 -3.141931159689193009e-14 -2.186904619062513967e-14 -8.163791333259382554e-01 -3.141931159689193009e-14 -2.186904619062513967e-14
1.150000000000000000e+02 2.377128877999332417e+03 -8.176109490482982300e-01 -4.518607710224387120e-14 -2.250027817988527042e-14 -8.176109490482982300e-01 -4.518607710224387120e-14 -2.250027817988527042e-14
1.160000000000000000e+02 2.397799563894978746e+03 -8.179435806377357565e-01 -2.964295475749167963e-14 -2.261619572588743238e-14 -8.179435806377357565e-01 -2.964295475749167963e-14 -2.261619572588743238e-14
1.170000000000000000e+02 2.418470249790625076e+03 -8.173459257069787265e-01 -5.295763827461996698e-14 -2.255426620445958636e-14 -8.173459257069787265e-01 -5.295763827461996698e-14 -2.255426620445958636e-14
1.180000000000000000e+02 2.439140935686271405e+03 -8.158033717244176364e-01 -4.385380947269368335e-14 -2.283210574013450250e-14 -8.158033717244176364e-01 -4.385380947269368335e-14 -2.283210574013450250e-14
1.190000000000000000e+02 2.459811621581917734e+03 -8.133337303781235095e-01 -6.217248937900876626e-14 -2.347502140367839996e-14 -8.133337303781235095e-01 -6.217248937900876626e-14 -2.347502140367839996e-14
1.200000000000000000e+02 2.480482307477564063e+03 -8.099724602735294265e-01 -7.038813976123492466e-14 -2.322166025119641515e-14 -8.099724602735294265e-01 -7.038813976123492466e-14 -2.322166025119641515e-14
1.210000000000000000e+02 2.501152993373210393e+03 -8.057854903839987148e-01 -5.484501741648273310e-14 -2.376642225439015741e-14 -8.057854903839987148e-01 -5.484501741648273310e-14 -2.376642225439015741e-14
1.220000000000000000e+02 2.521823679268856722e+03 -8.008669894986865101e-01 -5.107025913275720086e-14 -2.379012885484104936e-14 -8.008669894986865101e-01 -5.107025913275720086e-14 -2.379012885484104936e-14
1.230000000000000000e+02 2.542494365164503051e+03 -7.953409804544249173e-01 -4.840572387365682516e-14 -2.379177037287028025e-14 -7.953409804544249173e-01 -4.840572387365682516e-14 -2.379177037287028025e-14
1.240000000000000000e+02 2.563165051060149381e+03 -7.893584775909251450e-01 -5.651035195342046791e-14 -2.388840355465724384e-14 -7.893584775909251450e-01 -5.651035195342046791e-14 -2.388840355465724384e-14
1.250000000000000000e+02 2.583835736955795710e+03 -7.830897572619138769e-01 -6.072919944699606276e-14 -2.445185344291477803e-14 -7.830897572619138769e-01 -6.072919944699606276e-14 -2.445185344291477803e-14
1.260000000000000000e+02 2.604506422851442039e+03 -7.767123000048521408e-01 -5.839773109528323403e-14 -2.444029589170940786e-14 -7.767123000048521408e-01 -5.839773109528323403e-14 -2.444029589170940786e-14
1.270000000000000000e+02 2.625177108747088369e+03 -7.703966611922233865e-01 -4.762856775641921558e-14 -2.428652836845952044e-14 -7.703966611922233865e-01 -4.762856775641921558e-14 -2.428652836845952044e-14
1.280000000000000000e+02 2.645847794642734698e+03 -7.642945797273086317e-01 -6.106226635438360972e-14 -2.468329485954650468e-14 -7.642945797273086317e-01 -6.106226635438360972e-14 -2.468329485954650468e-14
1.290000000000000000e+02 2.666518480538381027e+03 -7.585317162967396554e-01 -7.183142969324762817e-14 -2.531359556851936743e-14 -7.585317162967396554e-01 -7.183142969324762817e-14 -2.531359556851936743e-14
1.300000000000000000e+02 2.687189166434027356e+03 -7.532077026675766396e-01 -6.417089082333404804e-14 -2.478467173990032995e-14 -7.532077026675766396e-01 -6.417089082333404804e-14 -2.478467173990032995e-14
1.310000000000000000e+02 2.707859852329673686e+03 -7.484014772779974400e-01 -5.184741524999481044e-14 -2.497992594059868425e-14 -7.484014772779974400e-01 -5.184741524999481044e-14 -2.497992594059868425e-14
1.320000000000000000e+02 2.728530538225320015e+03 -7.441788684543695354e-01 -5.884182030513329664e-14 -2.455382958679136204e-14 -7.441788684543695354e-01 -5.884182030513329664e-14 -2.455382958679136204e-14
1.330000000000000000e+02 2.749201224120966344e+03 -7.405994546080125751e-01 -6.350475700855895411e-14 -2.586098148646426363e-14 -7.405994546080125751e-01 -6.350475700855895411e-14 -2.586098148646426363e-14
1.340000000000000000e+02 2.769871910016612674e+03 -7.377205556910952922e-01 -6.139533326177115669e-14 -2.672037615497309475e-14 -7.377205556910952922e-01 -6.139533326177115669e-14 -2.672037615497309475e-14
1.350000000000000000e+02 2.790542595912259003e+03 -7.355984299102402701e-01 -5.784261958297065576e-14 -2.719958246767411744e-14 -7.355984299102402701e-01 -5.784261958297065576e-14 -2.719958246767411744e-14
1.360000000000000000e+02 2.811213281807905332e+03 -7.342847006510908603e-01 -5.084821452783216955e-14 -2.744033822448738164e-14 -7.342847006510908603e-01 -5.084821452783216955e-14 -2.744033822448738164e-14
1.370000000000000000e+02 2.831883967703551662e+03 -7.338297986416314478e-01 -5.362377208939506090e-14 -2.819905246797724478e-14 -7.338297986416314478e-01 -5.362377208939506090e-14 -2.819905246797724478e-14
1.380000000000000000e+02 2.852554653599197991e+03 -7.342754197052042686e-01 -6.894484982922222116e-14 -2.918955675006021133e-14 -7.342754197052042686e-01 -6.894484982922222116e-14 -2.918955675006021133e-14
1.390000000000000000e+02 2.873225339494844320e+03 -7.356553811623502970e-01 -5.317968287954499829e-14 -2.946048355151785474e-14 -7.356553811623502970e-01 -5.317968287954499829e-14 -2.946048355151785474e-14
1.400000000000000000e+02 2.893896025390490649e+03 -7.379954770503251993e-01 -8.348877145181177184e-14 -3.026103328513532553e-14 -7.379954770503251993e-01 -8.348877145181177184e-14 -3.026103328513532553e-14
1.410000000000000000e+02 2.914566711286136979e+03 -7.413039802409666645e-01 -8.260059303211164661e-14 -3.097985878608264878e-14 -7.413039802409666645e-01 -8.260059303211164661e-14 -3.097985878608264878e-14
1.420000000000000000e+02 2.935237397181783308e+03 -7.455674663418384585e-01 -7.216449660063517513e-14 -3.110455926449848015e-14 -7.455674663418384585e-01 -7.216449660063517513e-14 -3.110455926449848015e-14
1.430000000000000000e+02 2.955908083077429637e+03 -7.507385179423636812e-01 -5.972999872483342187e-14 -3.247797968965683299e-14 -7.507385179423636812e-01 -5.972999872483342187e-14 -3.247797968965683299e-14
1.440000000000000000e+02 2.976578768973075967e+03 -7.567264728934062212e-01 -8.593126210598711623e-14 -3.304353606469749751e-14 -7.567264728934062212e-01 -8.593126210598711623e-14 -3.304353606469749751e-14
1.450000000000000000e+02 2.997249454868722296e+03 -7.633923456532962781e-01 -8.770761894538736669e-14 -3.462848351217005217e-14 -7.633923456532962781e-01 -8.770761894538736669e-14 -3.462848351217005217e-14
1.460000000000000000e+02 3.017920140764368625e+03 -7.705520635450296973e-01 -8.593126210598711623e-14 -3.501226821165593972e-14 -7.705520635450296973e-01 -8.593126210598711623e-14 -3.501226821165593972e-14
1.470000000000000000e+02 3.038590826660014955e+03 -7.779883804639106115e-01 -9.225953334635050851e-14 -3.609691495325583777e-14 -7.779883804639106115e-01 -9.225953334635050851e-14 -3.609691495325583777e-14
1.480000000000000000e+02 3.059261512555661284e+03 -7.854682143999505151e-01 -8.826273045769994496e-14 -3.648147762888157209e-14 -7.854682143999505151e-01 -8.826273045769994496e-14 -3.648147762888157209e-14
1.490000000000000000e+02 3.079932198451307613e+03 -7.927621172087286894e-01 -1.082467449009527627e-13 -3.735847163609780990e-14 -7.927621172087286894e-01 -1.082467449009527627e-13 -3.735847163609780990e-14
1.500000000000000000e+02 3.100602884346953942e+03 -7.996599408760363126e-01 -9.381384558082572767e-14 -3.790408432699838703e-14 -7.996599408760363126e-01 -9.381384558082572767e-14 -3.790408432699838703e-14
1.510000000000000000e+02 3.121273570242600272e+03 -8.059806764025584380e-01 -9.170442183403793024e-14 -3.827760897984202604e-14 -8.059806764025584380e-01 -9.170442183403793024e-14 -3.827760897984202604e-14
1.520000000000000000e+02 3.141944256138246601e+03 -8.115759240121627194e-01 -9.536815781530094682e-14 -3.936327655451715082e-14 -8.115759240121627194e-01 -9.536815781530094682e-14 -3.936327655451715082e-14
1.530000000000000000e+02 3.162614942033892930e+03 -8.163288386423794840e-01 -9.059419880941277370e-14 -4.025264872010765906e-14 -8.163288386423794840e-01 -9.059419880941277370e-14 -4.025264872010765906e-14
1.540000000000000000e+02 3.183285627929539260e+03 -8.201510219856021910e-01 -8.826273045769994496e-14 -4.081955667460640733e-14 -8.201510219856021910e-01 -8.826273045769994496e-14 -4.081955667460640733e-14
1.550000000000000000e+02 3.203956313825185589e+03 -8.229798966358129464e-01 -1.039168751049146522e-13 -4.159683762699301104e-14 -8.229798966358129464e-01 -1.039168751049146522e-13 -4.159683762699301104e-14
1.560000000000000000e+02 3.224626999720831918e+03 -8.247760891716399145e-01 -1.093569679255779192e-13 -4.152932050142018316e-14 -8.247760891716399145e-01 -1.093569679255779192e-13 -4.152932050142018316e-14
1.570000000000000000e+02 3.245297685616478248e+03 -8.255269344214898330e-01 -1.210143096841420629e-13 -4.268686468312093129e-14 -8.255269344214898330e-01 -1.210143096841420629e-13 -4.268686468312093129e-14
1.580000000000000000e+02 3.265968371512124577e+03 -8.252428232200931246e-01 -1.215694211964546412e-13 -4.322283132026048114e-14 -8.252428232200931246e-01 -1.215694211964546412e-13 -4.322283132026048114e-14
1.590000000000000000e+02 3.286639057407770906e+03 -8.239638520440578651e-01 -1.145750161413161550e-13 -4.261195688000176278e-14 -8.239638520440578651e-01 -1.145750161413161550e-13 -4.261195688000176278e-14
1.600000000000000000e+02 3.307309743303417235e+03 -8.217515710042783139e-01 -1.134647931166909984e-13 -4.340086726349645402e-14 -8.217515710042783139e-01 -1.134647931166909984e-13 -4.340086726349645402e-14
1.610000000000000000e+02 3.327980429199063565e+03 -8.186899754532764861e-01 -1.014743844507393078e-13 -4.397006523853308027e-14 -8.186899754532764861e-01 -1.014743844507393078e-13 -4.397006523853308027e-14
1.620000000000000000e+02 3.348651115094709894e+03 -8.148724517153254077e-01 -1.362243651215067075e-13 -4.418714475000870618e-14 -8.148724517153254077e-01 -1.362243651215067075e-13 -4.418714475000870618e-14
1.630000000000000000e+02 3.369321800990356223e+03 -8.103933368864787434e-01 -1.210143096841420629e-13 -4.438053954084179349e-14 -8.103933368864787434e-01 -1.210143096841420629e-13 -4.438053954084179349e-14
1.640000000000000000e+02 3.389992486886002553e+03 -8.053378876397216946e-01 -1.271205363195804239e-13 -4.405040256814485867e-14 -8.053378876397216946e-01 -1.271205363195804239e-13 -4.405040256814485867e-14
1.650000000000000000e+02 3.410663172781648882e+03 -7.997820397915171853e-01 -1.273425809245054552e-13 -4.470254044843834251e-14 -7.997820397915171853e-01 -1.273425809245054552e-13 -4.470254044843834251e-14
1.660000000000000000e+02 3.431333858677295211e+03 -7.937850874358839404e-01 -1.294520046712932526e-13 -4.473023420805162355e-14 -7.937850874358839404e-01 -1.294520046712932526e-13 -4.473023420805162355e-14
1.670000000000000000e+02 3.452004544572941541e+03 -7.874054049500542884e-01 -1.337818744673313631e-13 -4.500468180922381010e-14 -7.874054049500542884e-01 -1.337818744673313631e-13 -4.500468180922381010e-14
1.680000000000000000e+02 3.472675230468587870e+03 -7.807052295161506228e-01 -1.347810751894940040e-13 -4.592536236612986105e-14 -7.807052295161506228e-01 -1.347810751894940040e-13 -4.592536236612986105e-14
1.690000000000000000e+02 3.493345916364234199e+03 -7.737602135526240321e-01 -1.214583988939921255e-13 -4.556146066611442546e-14 -7.737602135526240321e-01 -1.214583988939921255e-13 -4.556146066611442546e-14
1.700000000000000000e+02 3.514016602259880528e+03 -7.666651446370024159e-01 -1.287858708565181587e-13 -4.582906216770117300e-14 -7.666651446370024159e-01 -1.287858708565181587e-13 -4.582906216770117300e-14
1.710000000000000000e+02 3.534687288155526858e+03 -7.595359024174850315e-01 -1.326716514427062066e-13 -4.663627361795074383e-14 -7.595359024174850315e-01 -1.326716514427062066e-13 -4.663627361795074383e-14
1.720000000000000000e+02 3.555357974051173187e+03 -7.525085547009711107e-01 -1.302291607885308622e-13 -4.721983059029042098e-14 -7.525085547009711107e-01 -1.302291607885308622e-13 -4.721983059029042098e-14
1.730000000000000000e+02 3.576028659946819516e+03 -7.457373295926786883e-01 -1.215694211964546412e-13 -4.710544510488133596e-14 -7.457373295926786883e-01 -1.215694211964546412e-13 -4.710544510488133596e-14
1.740000000000000000e+02 3.596699345842465846e+03 -7.393925152325677708e-01 -1.417754802446324902e-13 -4.789152533472489804e-14 -7.393925152325677708e-01 -1.417754802446324902e-13 -4.789152533472489804e-14
1.750000000000000000e+02 3.617370031738112175e+03 -7.336601636975529361e-01 -1.402211680101572711e-13 -4.861116979467913147e-14 -7.336601636975529361e-01 -1.402211680101572711e-13 -4.861116979467913147e-14
1.760000000000000000e+02 3.638040717633758504e+03 -7.287393248987340533e-01 -1.409983241273948806e-13 -4.827657207716140934e-14 -7.287393248987340533e-01 -1.409983241273948806e-13 -4.827657207716140934e-14
1.770000000000000000e+02 3.658711403529404834e+03 -7.248363729718453330e-01 -1.465494392505206633e-13 -4.976968469315638130e-14 -7.248363729718453330e-01 -1.465494392505206633e-13 -4.976968469315638130e-14
1.780000000000000000e+02 3.679382089425051163e+03 -7.221518278785575840e-01 -1.476596622751458199e-13 -4.941118765294694470e-14 -7.221518278785575840e-01 -1.476596622751458199e-13 -4.941118765294694470e-14
1.790000000000000000e+02 3.700052775320697492e+03 -7.208590882310362824e-01 -1.474376176702207886e-13 -5.076276285037016747e-14 -7.208590882310362824e-01 -1.474376176702207886e-13 -5.076276285037016747e-14
1.800000000000000000e+02 3.720723461216343821e+03 -7.210825990024750665e-01 -1.590949594287849322e-13 -5.172552027678119780e-14 -7.210825990024750665e-01 -1.590949594287849322e-13 -5.172552027678119780e-14
1.810000000000000000e+02 3.741394147111990151e+03 -7.228683949764280747e-01 -1.767475055203249212e-13 -5.306172506788784405e-14 -7.228683949764280747e-01 -1.767475055203249212e-13 -5.306172506788784405e-14
1.820000000000000000e+02 3.762064833007636480e+03 -7.261759254825451704e-01 -1.603162047558726044e-13 -5.426084235962267870e-14 -7.261759254825451704e-01 -1.603162047558726044e-13 -5.426084235962267870e-14
1.830000000000000000e+02 3.782735518903282809e+03 -7.308775767160906600e-01 -1.800781745942003909e-13 -5.526587878722711571e-14 -7.308775767160906600e-01 -1.800781745942003909e-13 -5.526587878722711571e-14
1.840000000000000000e+02 3.803406204798929139e+03 -7.367740374398034087e-01 -1.789679515695752343e-13 -5.601211050497303085e-14 -7.367740374398034087e-01 -1.789679515695752343e-13 -5.601211050497303085e-14
1.850000000000000000e+02 3.824076890694575468e+03 -7.436211205554544845e-01 -1.615374500829602766e-13 -5.797737050126254303e-14 -7.436211205554544845e-01 -1.615374500829602766e-13 -5.797737050126254303e-14
1.860000000000000000e+02 3.844747576590221797e+03 -7.511574140302453850e-01 -1.648681191568357463e-13 -5.934415620720673563e-14 -7.511574140302453850e-01 -1.648681191568357463e-13 -5.934415620720673563e-14
1.870000000000000000e+02 3.865418262485868127e+03 -7.591271948540310177e-01 -1.750821709833871864e-13 -6.079598950051562134e-14 -7.591271948540310177e-01 -1.750821709833871864e-13 -6.079598950051562134e-14
1.880000000000000000e+02 3.886088948381514456e+03 -7.672946737288610652e-01 -1.971756091734278016e-13 -6.193912218426743711e-14 -7.672946737288610652e-01 -1.971756091734278016e-13 -6.193912218426743711e-14
1.890000000000000000e+02 3.906759634277160785e+03 -7.754502265521923121e-01 -1.917355163527645345e-13 -6.301428889536403056e-14 -7.754502265521923121e-01 -1.917355163527645345e-13 -6.301428889536403056e-14
1.900000000000000000e+02 3.927430320172807114e+03 -7.834106418170322383e-01 -1.916244940503020189e-13 -6.504028942333866893e-14 -7.834106418170322383e-01 -1.916244940503020189e-13 -6.504028942333866893e-14
1.910000000000000000e+02 3.948101006068453444e+03 -7.910196748451351345e-01 -2.029487689014786156e-13 -6.640064511937071343e-14 -7.910196748451351345e-01 -2.029487689014786156e-13 -6.640064511937071343e-14
1.920000000000000000e+02 3.968771691964099773e+03 -7.981455996519317697e-01 -1.970645868709652859e-13 -6.738987995763299448e-14 -7.981455996519317697e-01 -1.970645868709652859e-13 -6.738987995763299448e-14
1.930000000000000000e+02 3.989442377859746102e+03 -8.046819019185126320e-01 -2.308153668195700448e-13 -6.854678692401391349e-14 -8.046819019185126320e-01 -2.308153668195700448e-13 -6.854678692401391349e-14
1.940000000000000000e+02 4.010113063755392432e+03 -8.105464053040059014e-01 -2.344791028008330613e-13 -6.976479356454477197e-14 -8.105464053040059014e-01 -2.344791028008330613e-13 -6.976479356454477197e-14
1.950000000000000000e+02 4.030783749651038761e+03 -8.156795071038903666e-01 -2.343680804983705457e-13 -6.926019940140271629e-14 -8.156795071038903666e-01 -2.343680804983705457e-13 -6.926019940140271629e-14
1.960000000000000000e+02 4.051454435546685090e+03 -8.200404341872674641e-01 -2.435829316027593450e-13 -7.217091777243499323e-14 -8.200404341872674641e-01 -2.435829316027593450e-13 -7.217091777243499323e-14
1.970000000000000000e+02 4.072125121442331420e+03 -8.236013111371165429e-01 -2.580158309228863800e-13 -7.327611849534252051e-14 -8.236013111371165429e-01 -2.580158309228863800e-13 -7.327611849534252051e-14
1.980000000000000000e+02 4.092795807337977749e+03 -8.263394996514480395e-01 -2.547961841514734260e-13 -7.276057231470830379e-14 -8.263394996514480395e-01 -2.547961841514734260e-13 -7.276057231470830379e-14
1.990000000000000000e+02 4.113466493233624533e+03 -8.282326347592470217e-01 -2.602362769721366931e-13 -7.320393407128676462e-14 -8.282326347592470217e-01 -2.602362769721366931e-13 -7.320393407128676462e-14
2.000000000000000000e+02 4.134137179129271317e+03 -8.292499237650967636e-01 -2.680078381445127889e-13 -7.384048522417036228e-14 -8.292499237650967636e-01 -2.680078381445127889e-13 -7.384048522417036228e-14
