# Step, Time, Forces on each atom and dimension in [eV/A]
0.000000000000000000e+00 0.000000000000000000e+00 6.046427937997225222e-01 -1.781859463345264445e-14 5.928476983187224655e-14 -3.025048768262715293e-01 4.500941728263182506e-01 7.526903732129713437e-16 -3.025048768263611798e-01 -4.500941728262970454e-01 -9.672698392819701923e-16
1.000000000000000000e+00 2.067068589564640035e+01 5.666649164638595249e-01 6.954093430316244727e-14 -2.759395314879908438e-14 -2.835149854284416682e-01 4.208376521709654150e-01 2.858798295598987115e-14 -2.835149854285660131e-01 -4.208376521711600926e-01 -3.226392015385959571e-14
2.000000000000000000e+00 4.134137179129280071e+01 4.588052008462633613e-01 -2.070314661250282471e-14 -2.530441778728513983e-14 -2.295827626306272962e-01 3.375496085059065399e-01 1.647144089158614914e-14 -2.295827626306382319e-01 -3.375496085060071261e-01 -1.807583351205358585e-14
3.000000000000000000e+00 6.201205768693920106e+01 2.977816946797010589e-01 -1.254842785851419423e-13 -1.162806487912129171e-13 -1.490685007616080748e-01 2.125979029756226157e-01 -7.315453543528281702e-15 -1.490685007614601654e-01 -2.125979029755430127e-01 1.048815527559830177e-14
4.000000000000000000e+00 8.268274358258560142e+01 1.071316295313749778e-01 -1.899713111955339502e-13 9.860810447864650033e-14 -5.374223522699143885e-02 6.349189992597210896e-02 5.147355136133887538e-15 -5.374223522678141240e-02 -6.349189992587987719e-02 -8.736361249285981090e-15
5.000000000000000000e+00 1.033534294782320018e+02 -8.748273676844030289e-02 -1.791718751951948890e-13 3.793331889489102859e-14 4.356414803715554646e-02 -9.051571829874360819e-02 -1.940622138694470993e-14 4.356414803730451757e-02 9.051571829870951047e-02 1.370485644911965869e-14
6.000000000000000000e+00 1.240241153738784021e+02 -2.623333379599975812e-01 1.211815259645149009e-13 7.806737190308831979e-14 1.309869812039951009e-01 -2.314110032697901942e-01 -8.471149422769863113e-15 1.309869812041784820e-01 2.314110032698705188e-01 6.332884422590561294e-15
7.000000000000000000e+00 1.446948012695248167e+02 -3.982233593447206399e-01 -2.374675760825852591e-13 6.184973258165325410e-14 1.989290823083123272e-01 -3.443795867721154425e-01 1.827493088906197296e-14 1.989290823084022553e-01 3.443795867721612947e-01 -2.051607328891209050e-14
8.000000000000000000e+00 1.653654871651712028e+02 -4.815972618166631247e-01 -5.811531703859211046e-14 1.382765179283366955e-13 2.406140670662235137e-01 -4.187046119443767478e-01 -2.127704028058083026e-14 2.406140670661780223e-01 4.187046119444797210e-01 2.360345197901210498e-14
9.000000000000000000e+00 1.860361730608175890e+02 -5.046585999191162131e-01 3.407462804134012325e-14 -8.211717078241603740e-14 2.521447039804031731e-01 -4.479364073624121367e-01 2.942403303097274245e-15 2.521447039802544587e-01 4.479364073623777753e-01 -1.294834286351197046e-14
1.000000000000000000e+01 2.067068589564639751e+02 -4.651221013501627977e-01 2.378957736038195556e-13 -3.670912529248804229e-14 2.323787721922079830e-01 -4.297735928551879026e-01 -6.522937684200284239e-15 2.323787721922880301e-01 4.297735928552222640e-01 -2.478783171943630445e-15
1.100000000000000000e+01 2.273775448521103613e+02 -3.660478894291048224e-01 1.000521586633107417e-13 2.443417940221251965e-14 1.828461794043228783e-01 -3.659712527148425987e-01 1.342330473414160905e-14 1.828461794042087751e-01 3.659712527148882288e-01 -1.430404444497155959e-14
1.200000000000000000e+01 2.480482307477567474e+02 -2.159736690746366372e-01 2.175697357132677391e-13 -2.364375615000300847e-14 1.078150858164304837e-01 -2.624350683075932777e-01 -1.578234077335964170e-14 1.078150858163385989e-01 2.624350683074445079e-01 1.256739501718522040e-14
1.300000000000000000e+01 2.687189166434031335e+02 -2.912820167154002091e-02 6.635341488143493786e-14 -1.304396448181808441e-13 1.439880240292972652e-02 -1.293325747868638576e-01 7.079953829641496935e-15 1.439880240281418353e-02 1.293325747868756537e-01 -8.560861749082871610e-15
1.400000000000000000e+01 2.893896025390495197e+02 1.746797386581943612e-01 2.761011340557563002e-13 -4.760760282813803212e-14 -8.749927196676195174e-02 1.906177461691245176e-02 -4.307279448202026007e-15 -8.749927196708019717e-02 -1.906177461732441389e-02 1.116652289057237946e-14
1.500000000000000000e+01 3.100602884346959058e+02 3.711349342722300992e-01 2.343358684691119659e-14 5.272399840106994262e-14 -1.857218426115178900e-01 1.652367381108733879e-01 -9.504616815878251067e-16 -1.857218426115432031e-01 -1.652367381108961475e-01 6.546098675042020899e-16
1.600000000000000000e+01 3.307309743303422920e+02 5.339523473051209779e-01 6.689338725930792780e-14 -8.760613509308664724e-15 -2.671258002502409634e-01 2.903554064089686193e-01 7.177417931704222126e-15 -2.671258002501858964e-01 -2.903554064093120668e-01 -6.512459741654086868e-15
1.700000000000000000e+01 3.514016602259886781e+02 6.388871636363164797e-01 -3.768923587245898219e-14 6.055266040773645873e-14 -3.195876476856279180e-01 3.771708183534073777e-01 -1.954527041349963675e-14 -3.195876476857306137e-01 -3.771708183533731829e-01 2.318227547514408713e-14
1.800000000000000000e+01 3.720723461216350643e+02 6.684446958937712013e-01 -1.267419195961668109e-13 6.020294215848827630e-14 -3.343591925857264391e-01 4.133605899660385274e-01 -1.439910677516441240e-14 -3.343591925855785574e-01 -4.133605899658450711e-01 1.753711583402607513e-14
1.900000000000000000e+01 3.927430320172814504e+02 6.158254931967278578e-01 -4.084224157143020549e-13 1.828509082325210485e-14 -3.080406696482886897e-01 3.942404482494434870e-01 6.811445635823181750e-15 -3.080406696481069462e-01 -3.942404482493979678e-01 -1.081718289489801908e-14
2.000000000000000000e+01 4.134137179129278366e+02 4.865819079028277927e-01 -1.737734910038796149e-13 7.067851754023255008e-14 -2.434091429722615996e-01 3.238112775538898869e-01 -2.289137853359312919e-14 -2.434091429722026467e-01 -3.238112775536514110e-01 1.878547291405251160e-14
2.100000000000000000e+01 4.340844038085742227e+02 2.974194057045279060e-01 -2.000445653553394323e-13 7.382022240738789917e-15 -1.488187899174264472e-01 2.138119765106396841e-01 -1.664823108661908903e-14 -1.488187899174961693e-01 -2.138119765104467829e-01 1.035771896744970262e-14
2.200000000000000000e+01 4.547550897042206088e+02 7.243391615852980137e-02 -2.039813022216160553e-13 5.518494669093877812e-14 -3.631883488054968995e-02 8.100104482568451503e-02 1.277632177081590758e-14 -3.631883488042537966e-02 -8.100104482545722462e-02 -2.124619268974858700e-14
2.300000000000000000e+01 4.754257755998669950e+02 -1.615525866645787789e-01 -1.473485824181143173e-13 -7.316267313766032288e-14 8.067936248284950096e-02 -5.613484860681187266e-02 4.168307099487562871e-15 8.067936248319448889e-02 5.613484860696971862e-02 -1.252245144263260113e-14
2.400000000000000000e+01 4.960964614955133811e+02 -3.791829750749843853e-01 2.145476981020145608e-13 6.362672995418525381e-14 1.894978746201484987e-01 -1.803093251236003725e-01 -2.326913777519833195e-14 1.894978746201621544e-01 1.803093251235685923e-01 2.509843628718265657e-14
2.500000000000000000e+01 5.167671473911598241e+02 -5.593454936607550332e-01 2.785231241571054248e-13 4.064346504696874541e-14 2.795819319552359516e-01 -2.773624100279356575e-01 -1.975109742745750829e-14 2.795819319551210436e-01 2.773624100279491467e-01 2.294373944753051360e-14
2.600000000000000000e+01 5.374378332868062671e+02 -6.864865258738962472e-01 4.577541665061947516e-14 1.575320721163612035e-14 3.431556381262083621e-01 -3.371656136549353588e-01 4.688866084377430106e-15 3.431556381260935096e-01 3.371656136547760418e-01 1.172926137711752252e-14
2.700000000000000000e+01 5.581085191824527101e+02 -7.508271250791498375e-01 -8.845674152733553774e-14 -9.309679671957713096e-14 3.753299378022432187e-01 -3.537483511520683188e-01 4.297785702257442975e-15 3.753299378021496824e-01 3.537483511519657342e-01 -2.846487313920319924e-15
2.800000000000000000e+01 5.787792050780991531e+02 -7.482093360979775731e-01 1.531587837166345856e-14 -7.652193714775337943e-14 3.740258394774851891e-01 -3.251728148025312959e-01 1.828252343986970433e-14 3.740258394776437845e-01 3.251728148021889031e-01 -1.884245219441387588e-14
2.900000000000000000e+01 5.994498909737455961e+02 -6.799496607444894813e-01 3.740376895057871641e-14 6.281905710699922849e-14 3.399012640026010112e-01 -2.533930561156741423e-01 1.648779731519558141e-14 3.399012640027024301e-01 2.533930561156168548e-01 -1.105068834136355082e-14
3.000000000000000000e+01 6.201205768693920390e+02 -5.530264963947034706e-01 1.173237157265100893e-13 2.374711766110002042e-14 2.764447479468182256e-01 -1.443315939062377873e-01 -1.055578825091785447e-14 2.764447479467498359e-01 1.443315939060209885e-01 1.241072564673954125e-14
3.100000000000000000e+01 6.407912627650384820e+02 -3.803105004713784321e-01 1.061533501841249161e-13 4.553708154217115910e-14 1.900905748493582625e-01 -7.964012178574373518e-03 1.711461967865316878e-14 1.900905748493466607e-01 7.964012178665711914e-03 -2.291869623966736550e-14
3.200000000000000000e+01 6.614619486606849250e+02 -1.805392028555400374e-01 1.725834537957904470e-13 -7.203488350520742991e-15 9.020624178515436464e-02 1.417719170941875162e-01 -1.584198034907612737e-14 9.020624178504037249e-02 -1.417719170943359808e-01 1.414393005465193746e-14
3.300000000000000000e+01 6.821326345563313680e+02 2.265012262521421196e-02 2.424054400014767851e-13 -8.901899116969664742e-14 -1.139063964349940755e-02 2.877014779297476510e-01 -3.413965285291452981e-14 -1.139063964356760474e-02 -2.877014779299761904e-01 2.863409952282222925e-14
3.400000000000000000e+01 7.028033204519778110e+02 2.031573988660213270e-01 -1.208853134792064006e-13 2.220963184559714169e-15 -1.016503172150600293e-01 4.111130562680461731e-01 -2.326833953248058794e-14 -1.016503172149218343e-01 -4.111130562680007094e-01 2.141786553369166343e-14
3.500000000000000000e+01 7.234740063476242540e+02 3.363960025456927405e-01 1.428047278271853036e-13 -2.995747610388690319e-14 -1.682789147395054030e-01 4.944803018965496233e-01 -2.530213066190048414e-14 -1.682789147396304419e-01 -4.944803018965497898e-01 2.337960070379320274e-14
3.600000000000000000e+01 7.441446922432706970e+02 4.040390578906468688e-01 1.129364022649189804e-13 6.206999612252637591e-14 -2.021119437488317627e-01 5.247008420897507630e-01 -2.247526344716676983e-14 -2.021119437489352078e-01 -5.247008420899117453e-01 3.951821049004314160e-15
3.700000000000000000e+01 7.648153781389171399e+02 3.981655173891676669e-01 -2.172230143178386800e-13 -3.282410046432755461e-14 -1.991878868643253975e-01 4.959833807544767881e-01 6.924035637256138632e-15 -1.991878868640510614e-01 -4.959833807543388984e-01 -9.915214978109405241e-15
3.800000000000000000e+01 7.854860640345635829e+02 3.231280214826438013e-01 -1.948586726773519720e-13 5.935840081841963370e-14 -1.616825202601978317e-01 4.112383947941586348e-01 -1.908749823616020984e-14 -1.616825202601508138e-01 -4.112383947941464779e-01 1.543207032764297656e-14
3.900000000000000000e+01 8.061567499302100259e+02 1.944326804851508050e-01 -3.153696787602131810e-13 6.173726140812004647e-14 -9.734888932838929587e-02 2.814776791236736631e-01 -1.346985655755937417e-15 -9.734888932811160134e-02 -2.814776791234328002e-01 6.370481357818128949e-15
4.000000000000000000e+01 8.268274358258564689e+02 3.504742188751858861e-02 4.973142534546770739e-14 -4.023297153574138882e-14 -1.767121585242964824e-02 1.234186242215136731e-01 4.868652471711350399e-15 -1.767121585236932149e-02 -1.234186242212743784e-01 -2.464266035070322641e-15
4.100000000000000000e+01 8.474981217215029119e+02 -1.293783883941413693e-01 -1.011636111002051966e-13 -7.213052007450607807e-15 6.452579816887668573e-02 -4.377153516736281835e-02 1.382810306632571019e-14 6.452579816893677656e-02 4.377153516745359296e-02 -1.238965947619881806e-14
4.200000000000000000e+01 8.681688076171493549e+02 -2.748164592368421144e-01 8.397164387754354550e-14 -1.088134952858601661e-15 1.372286239909518979e-01 -2.015423871754228047e-01 -4.162098545982141088e-15 1.372286239909434047e-01 2.015423871756498453e-01 -1.769226127540992431e-15
4.300000000000000000e+01 8.888394935127957979e+02 -3.817126867093907361e-01 -1.625060445050498416e-13 -2.444568144348771243e-14 1.906614067800159185e-01 -3.341295699294052901e-01 9.144451975342190663e-15 1.906614067801211676e-01 3.341295699293682642e-01 -2.138665638741764664e-14
4.400000000000000000e+01 9.095101794084422409e+02 -4.362647556548290284e-01 -1.144005499558607166e-14 2.155723874507854160e-14 2.179243074847705686e-01 -4.296685791478328520e-01 -1.059611265250804721e-14 2.179243074848065120e-01 4.296685791477853344e-01 2.345694268670010807e-14
4.500000000000000000e+01 9.301808653040886838e+02 -4.305841090754515266e-01 -3.019693631562848730e-15 -6.584460864615655164e-14 2.150739899751845097e-01 -4.805136564176852310e-01 1.711017625383481120e-14 2.150739899750317430e-01 4.805136564176721303e-01 -1.942765551828793029e-14
4.600000000000000000e+01 9.508515511997351268e+02 -3.624075896791826290e-01 -3.701220635657712488e-14 4.175238248083211473e-14 1.809791455363025381e-01 -4.832035417701914248e-01 -4.990549340866829638e-14 1.809791455363083112e-01 4.832035417698345992e-01 5.904567004281037856e-14
4.700000000000000000e+01 9.715222370953815698e+02 -2.348101167220063568e-01 -1.305244603399417604e-13 1.313871199819386953e-14 1.171767035186367240e-01 -4.383842593527904063e-01 1.954656139547533996e-14 1.171767035186736944e-01 4.383842593531104836e-01 -1.713561060023492739e-14
4.800000000000000000e+01 9.921929229910280128e+02 -5.625712556612361137e-02 -6.942559997673863513e-14 6.708885914442922192e-15 2.789806867466178633e-02 -3.509526770589633804e-01 2.548765598132692047e-14 2.789806867468839352e-02 3.509526770586899325e-01 -2.555563462533039057e-14
4.900000000000000000e+01 1.012863608886674456e+03 1.592237745802610738e-01 3.398260850720485408e-13 1.956125154915989253e-14 -7.984469150380077429e-02 -2.302452909822985117e-01 3.046990523137358493e-14 -7.984469150400537452e-02 2.302452909820582316e-01 -2.547053905521709698e-14
5.000000000000000000e+01 1.033534294782320785e+03 3.920801120024495767e-01 -8.581509090505508786e-14 6.632776107683436965e-15 -1.962766830584620203e-01 -9.003096882129345280e-02 4.938792564767500862e-15 -1.962766830586206157e-01 9.003096882108704846e-02 -1.104740939624245543e-14
5.100000000000000000e+01 1.054204980677967114e+03 6.181289232999059857e-01 1.950632334216429440e-13 3.126049146244150616e-14 -3.093065095460094671e-01 5.220858553156961651e-02 -2.934579270662163477e-14 -3.093065095461232095e-01 -5.220858553161562138e-02 3.348839698478662433e-14
5.200000000000000000e+01 1.074875666573613444e+03 8.107809052726759891e-01 -1.470871160993761179e-14 2.832719185322546446e-15 -4.056381735295367941e-01 1.770324842029353252e-01 3.272236724288383858e-15 -4.056381735294906643e-01 -1.770324842031866519e-01 -1.671831108211183891e-14
5.300000000000000000e+01 1.095546352469259773e+03 9.448089718605954257e-01 -1.318993802426644530e-13 7.312211663799896208e-14 -4.726560399954702341e-01 2.660174469454209545e-01 1.151780073742771015e-14 -4.726560399956872827e-01 -2.660174469454435475e-01 -1.076354905103988090e-14
5.400000000000000000e+01 1.116217038364906102e+03 1.000953327045398078e+00 -1.051177183126040741e-13 1.621572558386555621e-14 -5.007283376355411431e-01 3.053316474002752967e-01 -1.792558328528331612e-14 -5.007283376354959570e-01 -3.053316474000015712e-01 1.936810630340177229e-15
5.500000000000000000e+01 1.136887724260552432e+03 9.700622427946260506e-01 1.470288819881717235e-13 8.238687406901669359e-14 -4.852782234077652745e-01 2.888837070302436860e-01 -1.280466218208548918e-14 -4.852782234074582424e-01 -2.888837070301977228e-01 7.247089918945134413e-15
5.600000000000000000e+01 1.157558410156198761e+03 8.551562085273662905e-01 1.398779502407927698e-13 6.779245494233458382e-14 -4.278161599530943549e-01 2.197792987053763802e-01 -4.008389854007268235e-14 -4.278161599530396764e-01 -2.197792987053512337e-01 2.001437380195750741e-14
5.700000000000000000e+01 1.178229096051845090e+03 6.707335771378908351e-01 -6.486273028671385781e-14 2.750003122405598541e-14 -3.355927095109637603e-01 1.096206389070415038e-01 -9.615048343471693439e-16 -3.355927095109444425e-01 -1.096206389068805631e-01 4.901332062537932705e-15
5.800000000000000000e+01 1.198899781947491419e+03 4.394254045961940025e-01 -9.411730570015722601e-14 -4.685794877580040304e-14 -2.199253900981779919e-01 -2.424215469717697080e-02 -5.122384051659540061e-14 -2.199253900979765974e-01 2.424215469739530657e-02 4.052932316685953119e-14
5.900000000000000000e+01 1.219570467843137749e+03 1.874933859347050757e-01 1.472007441013493263e-13 7.649595317118109232e-14 -9.394649547275030210e-02 -1.622710086859682765e-01 -3.514117712808408735e-15 -9.394649547263797529e-02 1.622710086858663858e-01 5.230404856018202358e-16
6.000000000000000000e+01 1.240241153738784078e+03 -5.940958660662429280e-02 -1.139445137058061771e-13 3.570843434079710403e-14 2.951762060805964566e-02 -2.860126346327978020e-01 1.232227242925436641e-14 2.951762060813611574e-02 2.860126346331989255e-01 -8.525559254379762621e-15
6.100000000000000000e+01 1.260911839634430407e+03 -2.792042024138379208e-01 3.888765208374290553e-15 -7.029025545436397148e-14 1.394287787792466982e-01 -3.803120370203412759e-01 6.518853524627518783e-15 1.394287787792446442e-01 3.803120370206288237e-01 4.344884135560137051e-16
6.200000000000000000e+01 1.281582525530076737e+03 -4.548768432126309991e-01 -7.286046064582748328e-14 8.235975599702344611e-16 2.272818410937721134e-01 -4.343476427277851437e-01 1.204739623506444281e-14 2.272818410939601297e-01 4.343476427280599239e-01 -1.695394591625937863e-15
6.300000000000000000e+01 1.302253211425723066e+03 -5.748814196331297754e-01 1.792539789133600155e-13 4.809824004277483990e-14 2.873045656902075695e-01 -4.418114931919316368e-01 2.814043313844200428e-14 2.873045656900178324e-01 4.418114931919207566e-01 -2.442498322775193156e-14
6.400000000000000000e+01 1.322923897321369395e+03 -6.330452821743455250e-01 3.566874991244318849e-13 4.448287342140496792e-14 3.164103275101528001e-01 -4.007011375292206523e-01 1.736806231658844285e-14 3.164103275098732460e-01 4.007011375291875122e-01 -1.124106454317844449e-15
6.500000000000000000e+01 1.343594583217015725e+03 -6.285037527970982474e-01 3.658094240279018320e-13 2.116404270013935007e-14 3.141657025262002967e-01 -3.131156227633646316e-01 3.929739109238046821e-14 3.141657025259407265e-01 3.131156227628736910e-01 -3.167199590755820518e-14
6.600000000000000000e+01 1.364265269112662054e+03 -5.658282660707656397e-01 3.030180664534697495e-13 6.596416763675122112e-15 2.828549030724409885e-01 -1.851625599653286547e-01 -1.405840792740784406e-14 2.828549030719799684e-01 1.851625599649655840e-01 2.086588780056107173e-14
6.700000000000000000e+01 1.384935955008308383e+03 -4.554596075402226885e-01 3.950704572437888058e-13 -8.756434084379770490e-14 2.276966453974247628e-01 -2.705166568631740126e-02 -4.797569050625303760e-15 2.276966453970394599e-01 2.705166568609251865e-02 1.102430707187693280e-14
6.800000000000000000e+01 1.405606640903954712e+03 -3.137961175810328740e-01 1.741064848598214849e-13 6.096310280464156885e-15 1.568884915895313870e-01 1.470830420139441486e-01 3.763369860986911022e-15 1.568884915892858611e-01 -1.470830420142050787e-01 1.277039310200463505e-14
6.900000000000000000e+01 1.426277326799601042e+03 -1.625500070254165541e-01 2.239088683739110611e-13 -2.827594250228138461e-15 8.128529775694033621e-02 3.198559450408517968e-01 -3.385595916215790826e-15 8.128529775672971303e-02 -3.198559450411692096e-01 1.437998082488139049e-14
7.000000000000000000e+01 1.446948012695247371e+03 -2.665911324873038862e-02 1.893798574446684634e-13 8.810751909825396497e-14 1.335530466199504919e-02 4.722182155950203630e-01 7.913729813576031267e-15 1.335530466177553208e-02 -4.722182155952360794e-01 -8.876758151006345656e-17
7.100000000000000000e+01 1.467618698590893700e+03 6.940233712986489112e-02 9.059865445180875181e-14 7.884200908455066045e-14 -3.466451428175354454e-02 5.859970160601979394e-01 3.029666992927443032e-14 -3.466451428185846756e-02 -5.859970160601281064e-01 -2.916031779999026082e-14
7.200000000000000000e+01 1.488289384486540030e+03 1.063916212862530825e-01 -1.314268194838573150e-13 -4.181664809911640592e-14 -5.315266465538589363e-02 6.470081245543549686e-01 5.870733629356017721e-16 -5.315266465512513000e-02 -6.470081245542628201e-01 -8.348108872602712536e-15
7.300000000000000000e+01 1.508960070382186359e+03 7.470002050287502526e-02 -6.135971128896737399e-13 -1.267740170381698884e-14 -3.730468912229779888e-02 6.478464353683346388e-01 -3.612147479404245415e-14 -3.730468912189877084e-02 -6.478464353678091703e-01 3.228832293745737775e-14
7.400000000000000000e+01 1.529630756277832688e+03 -2.313790427785651291e-02 -7.653319546884844973e-13 1.187523453867272569e-13 1.161202043083710451e-02 5.894411646626234180e-01 1.034898612870165256e-14 1.161202043124854276e-02 -5.894411646619726053e-01 -7.467908975822738225e-15
7.500000000000000000e+01 1.550301442173479018e+03 -1.728830154043421719e-01 -5.294821916318086926e-13 7.833556331094825125e-14 8.647759820992034774e-02 4.807808591774438423e-01 -1.267179914657284812e-14 8.647759821026347604e-02 -4.807808591767247508e-01 1.073688161600664721e-14
7.600000000000000000e+01 1.570972128069125347e+03 -3.518878722574633744e-01 -5.180185105718749073e-13 1.302077718033937571e-14 1.759680391183107151e-01 3.368682244073439858e-01 -1.240425062108775975e-14 1.759680391188727377e-01 -3.368682244066253384e-01 3.240519758432762636e-15
7.700000000000000000e+01 1.591642813964771676e+03 -5.338225659090611863e-01 -2.822349213811551139e-13 -2.050530866786867034e-15 2.669183816494112849e-01 1.757568114522938540e-01 1.007430056274162329e-14 2.669183816495624972e-01 -1.757568114517587265e-01 -1.646335612951407161e-15
7.800000000000000000e+01 1.612313499860418005e+03 -6.932454583257268155e-01 -3.407904080811556695e-13 1.284771420748156399e-13 3.466082458484274209e-01 1.560939551153140738e-02 -7.771423742252521799e-15 3.466082458485227336e-01 -1.560939551144188350e-02 1.295542025336088682e-14
7.900000000000000000e+01 1.632984185756064335e+03 -8.089168232502597089e-01 3.249227738659308407e-14 -3.497862016969866811e-14 4.044186373336006168e-01 -1.275355195603550540e-01 -3.399882247719058516e-16 4.044186373337190776e-01 1.275355195604100378e-01 1.777628788111971268e-14
8.000000000000000000e+01 1.653654871651710664e+03 -8.654492804732428768e-01 1.985898578813735990e-13 -8.817606375258388529e-14 4.326570499492261579e-01 -2.410124718518956988e-01 1.206662877741165471e-14 4.326570499490827171e-01 2.410124718514722875e-01 -9.941011076990554804e-15
8.100000000000000000e+01 1.674325557547356993e+03 -8.537061176662851247e-01 1.742125637522341526e-13 -1.047109289027580939e-13 4.267565490757136426e-01 -3.159946954019474674e-01 1.392428000809603049e-14 4.267565490755613755e-01 3.159946954017620047e-01 -8.732636077280341834e-15
8.200000000000000000e+01 1.694996243443003323e+03 -7.705705146490068325e-01 3.368594107983924989e-13 7.504030583864518812e-14 3.851603163331055457e-01 -3.475432362499196182e-01 2.409566070713507159e-14 3.851603163326636770e-01 3.475432362496101990e-01 -1.827319357572184951e-14
8.300000000000000000e+01 1.715666929338649652e+03 -6.186029848837121259e-01 6.935990146253125775e-13 6.505450671499148493e-14 3.091501098664195535e-01 -3.345692759653717818e-01 2.020805417489585844e-14 3.091501098659309443e-01 3.345692759646046177e-01 -1.495714816681572905e-14
8.400000000000000000e+01 1.736337615234295981e+03 -4.059584575245167581e-01 6.263578509605410091e-13 4.527270286119609151e-14 2.028042519676352129e-01 -2.799691318249455940e-01 1.235938314442951187e-14 2.028042519670150423e-01 2.799691318242448768e-01 1.774978273968568130e-15
8.500000000000000000e+01 1.757008301129942311e+03 -1.464450238569992291e-01 6.801455206418845657e-13 2.393081037304719571e-14 7.302654450144610565e-02 -1.908750740092760578e-01 8.025708739927670367e-15 7.302654450092564697e-02 1.908750740086800624e-01 -1.417689325342944194e-14
8.600000000000000000e+01 1.777678987025588640e+03 1.405613853315220430e-01 4.024700006815780946e-13 -1.642843382542908620e-14 -7.049598663043149527e-02 -7.882614700237086658e-02 2.960691083803733336e-14 -7.049598663058617709e-02 7.882614700192526469e-02 -2.903703845613650172e-14
8.700000000000000000e+01 1.798349672921234969e+03 4.309094035428073788e-01 2.709728988834818312e-13 4.564383485594431059e-14 -2.156879419359006844e-01 4.057157822047521151e-02 -1.002152846641575727e-14 -2.156879419360314687e-01 -4.057157822059131308e-02 7.234571316841230634e-15
8.800000000000000000e+01 1.819020358816881298e+03 6.976966951559496755e-01 2.905641925100316477e-13 7.210249570637876916e-15 -3.490968379461136806e-01 1.489510638042289281e-01 4.020996151658456561e-15 -3.490968379459959414e-01 -1.489510638041848800e-01 -1.257877147362903825e-14
8.900000000000000000e+01 1.839691044712527628e+03 9.147049398158163536e-01 -7.358793991320710968e-13 -2.936918221012586995e-14 -4.576112889128510219e-01 2.276902846922534140e-01 8.104525502570780146e-15 -4.576112889124705485e-01 -2.276902846918210932e-01 -1.912437431215770931e-14
9.000000000000000000e+01 1.860361730608173957e+03 1.060756717330462617e+00 -8.975014539706478775e-13 -7.259181208191121290e-14 -5.306410165165199588e-01 2.613353753368536925e-01 -9.244068294985364126e-15 -5.306410165160820869e-01 -2.613353753363519272e-01 -7.963510150612544848e-15
9.100000000000000000e+01 1.881032416503820286e+03 1.123799051751002143e+00 -1.212912841385789728e-12 3.929109309789025567e-14 -5.621595477356744475e-01 2.410410303745434968e-01 1.319279346013796755e-14 -5.621595477352495651e-01 -2.410410303741106486e-01 -3.345760681370822403e-14
9.200000000000000000e+01 1.901703102399466616e+03 1.103261792345750392e+00 -6.953090493282339722e-13 -1.859342688569214049e-14 -5.518833412419582585e-01 1.668154159056744468e-01 -1.161938203820866206e-14 -5.518833412412017525e-01 -1.668154159048297891e-01 -9.393162628097090882e-15
9.300000000000000000e+01 1.922373788295112945e+03 1.009741779706817777e+00 -4.616620173011097806e-14 1.787434641060798347e-14 -5.051133588751834935e-01 4.764411687593078648e-02 2.312373121426251419e-15 -5.051133588746224978e-01 -4.764411687540605345e-02 -2.848825477830732748e-14
9.400000000000000000e+01 1.943044474190759274e+03 8.621612425427240822e-01 -3.584143940724533159e-13 8.582151273374542758e-14 -4.313136729219599896e-01 -1.005527926335147287e-01 -1.707080183075060045e-14 -4.313136729216399123e-01 1.005527926338113248e-01 -1.253924042746164808e-14
9.500000000000000000e+01 1.963715160086405604e+03 6.836017560174357799e-01 -2.946764751203804743e-13 1.675452696277113610e-14 -3.420277378163500415e-01 -2.582642447581343093e-01 1.456895923122338534e-14 -3.420277378162475124e-01 2.582642447584541090e-01 -2.354503434446365813e-14
9.600000000000000000e+01 1.984385845982051933e+03 4.971625716627767200e-01 -3.514973646545696163e-14 1.091399770216429357e-13 -2.488067276262353467e-01 -4.059197421339763023e-01 -1.961762614374541765e-14 -2.488067276262933003e-01 4.059197421338396339e-01 1.343808807536576183e-14
9.700000000000000000e+01 2.005056531877698262e+03 3.229877946723740401e-01 -7.541959968298815928e-14 4.119035512845894752e-14 -1.617225274854693362e-01 -5.265626331738071375e-01 -9.903884805733736329e-15 -1.617225274856532169e-01 5.265626331734769572e-01 4.243755375157822077e-15
9.800000000000000000e+01 2.025727217773344591e+03 1.767443790100884371e-01 1.144617571154788154e-12 -4.545744328369437677e-14 -8.860677220716663138e-02 -6.073090509407439441e-01 1.352557426389959053e-14 -8.860677220742077531e-02 6.073090509401968262e-01 -6.345711121338104639e-15
9.900000000000000000e+01 2.046397903668990921e+03 6.914819398535244910e-02 4.560651203780941046e-13 3.220934433159019104e-14 -3.481451024606459915e-02 -6.399008500100922259e-01 3.904519626109418654e-14 -3.481451024653608312e-02 6.399008500096597940e-01 -4.181134653537326248e-14
1.000000000000000000e+02 2.067068589564637477e+03 6.089796858507472328e-03 6.404218827414151131e-13 6.953015419044725930e-14 -3.287867493673489547e-03 -6.206319969857604368e-01 1.084000023878774738e-14 -3.287867494249223019e-03 6.206319969850765395e-01 -1.154082981455238322e-14
1.010000000000000000e+02 2.087739275460283807e+03 -1.123292249161048952e-02 7.798594328550653661e-13 -6.057684255837746417e-14 5.377019979346807019e-03 -5.501828253227952770e-01 3.866271220441750143e-14 5.377019978633712505e-03 5.501828253220554243e-01 -3.215744647001150415e-14
1.020000000000000000e+02 2.108409961355930136e+03 1.364462302212141737e-02 4.133150570478524791e-13 -1.626980786220379613e-14 -7.050121177146661394e-03 -4.334846339413808702e-01 2.735348165496160476e-14 -7.050121177560920299e-03 4.334846339407660842e-01 -1.978451947713291577e-14
1.030000000000000000e+02 2.129080647251576465e+03 7.210327222774061406e-02 2.618357635273318156e-13 3.523136665962481008e-15 -3.625880626980781951e-02 -2.797591589701042825e-01 4.564299559081676484e-15 -3.625880627009848284e-02 2.797591589694216618e-01 2.023447794581648994e-16
1.040000000000000000e+02 2.149751333147222795e+03 1.503117067295400289e-01 1.213781175784162551e-13 9.463006624791709373e-14 -7.533372195127711890e-02 -1.022990803990743297e-01 2.161217161048814477e-14 -7.533372195163505480e-02 1.022990803985405345e-01 -3.277780322853290141e-14
1.050000000000000000e+02 2.170422019042869124e+03 2.296842873458093681e-01 -3.764886637430485732e-13 -1.488661095142432283e-14 -1.149835549749675806e-01 8.221604664829722242e-02 3.300289205121805228e-16 -1.149835549750070074e-01 -8.221604664818112085e-02 -5.525572088312649392e-15
1.060000000000000000e+02 2.191092704938515453e+03 2.885802564545637550e-01 -3.644979758259378768e-13 -2.651324327791482791e-15 -1.443903933581494048e-01 2.552713260404793072e-01 2.719074920950024130e-15 -1.443903933578551679e-01 -2.552713260400564232e-01 -7.334508055517523217e-15
1.070000000000000000e+02 2.211763390834161783e+03 3.054724178113395472e-01 -6.204814559585436686e-13 8.480866620662836342e-14 -1.527938024257473049e-01 3.989635337238161550e-01 -3.804015902651055210e-14 -1.527938024251356830e-01 -3.989635337231873247e-01 4.832804318071466036e-14
1.080000000000000000e+02 2.232434076729808112e+03 2.631877591700905739e-01 -9.367578567940311084e-13 7.290985153754103869e-14 -1.316106837459355972e-01 4.989456571678886343e-01 -1.256886780248141469e-14 -1.316106837452211131e-01 -4.989456571672249430e-01 1.080775221455979051e-14
1.090000000000000000e+02 2.253104762625454441e+03 1.530833366367075066e-01 -8.199903342502703259e-13 3.922144870178807965e-14 -7.652256156595892145e-02 5.470596289745610630e-01 -1.456414580578972922e-14 -7.652256156516715202e-02 -5.470596289741376239e-01 2.262503381485936746e-14
1.100000000000000000e+02 2.273775448521100770e+03 -2.235010884154171526e-02 -9.213272798660829304e-13 -8.775028077733067924e-14 1.122319725913336307e-02 5.427476795685245436e-01 -3.057506426948387149e-14 1.122319725982390097e-02 -5.427476795678610744e-01 3.492834766077496442e-14
1.110000000000000000e+02 2.294446134416747100e+03 -2.494876506233826841e-01 -5.550298498618953942e-13 -2.441052758240487158e-15 1.248133672077022666e-01 4.927560003337912442e-01 -6.410604257816341803e-16 1.248133672080076612e-01 -4.927560003333329441e-01 1.577475719027402078e-14
1.120000000000000000e+02 2.315116820312393429e+03 -5.062273395473672055e-01 -5.182596056934728737e-13 -1.717978920311232621e-13 2.531973092113290469e-01 4.092710980929692988e-01 -1.972264938094789411e-15 2.531973092114393475e-01 -4.092710980927385944e-01 1.046637841166959627e-14
1.130000000000000000e+02 2.335787506208039758e+03 -7.662321768716231496e-01 3.104460844713610801e-14 4.361483606065200306e-14 3.832076164522415507e-01 3.072437646740931450e-01 -1.098340553188192545e-14 3.832076164522053019e-01 -3.072437646740474593e-01 3.253160172951909304e-14
1.140000000000000000e+02 2.356458192103686088e+03 -1.003295299401672835e+00 6.088930183927610896e-14 -4.743630685445792088e-14 5.017422885561179102e-01 2.017746303527873375e-01 -3.889037794955188466e-14 5.017422885561169110e-01 -2.017746303527071794e-01 6.322510444248475112e-14
1.150000000000000000e+02 2.377128877999332417e+03 -1.194677010328824895e+00 5.001342947032452706e-14 -5.445083935313447848e-14 5.974328186302720889e-01 1.061814779983046714e-01 1.730255750094463542e-14 5.974328186300887911e-01 -1.061814779986011981e-01 2.092079433399618446e-14
1.160000000000000000e+02 2.397799563894978746e+03 -1.323022115237485918e+00 1.897288468053901121e-13 3.240775158551499147e-14 6.616025256845250446e-01 3.090592594424514464e-02 1.765538243856799865e-14 6.616025256841027158e-01 -3.090592594472477833e-02 1.702084643827351039e-14
1.170000000000000000e+02 2.418470249790625076e+03 -1.376977665850131149e+00 1.891529712263698929e-13 -7.852235683019269623e-15 6.885752760218140089e-01 -1.682995806720616674e-02 1.894986047321417486e-14 6.885752760214274293e-01 1.682995806702330607e-02 1.705664550112456856e-14
1.180000000000000000e+02 2.439140935686271405e+03 -1.351279494022160854e+00 5.139065294866327838e-13 -2.237262813709140395e-14 6.757187650541665036e-01 -3.309807786649220096e-02 1.321891787471785229e-14 6.757187650537572754e-01 3.309807786618335773e-02 4.190485459596174223e-15
1.190000000000000000e+02 2.459811621581917734e+03 -1.246500999679484467e+00 5.098940669074583030e-13 2.721414679594709107e-14 6.233189988707671381e-01 -1.715337783225056797e-02 2.166810805948994200e-14 6.233189988705197804e-01 1.715337783196325613e-02 1.582622906251033937e-14
1.200000000000000000e+02 2.480482307477564063e+03 -1.069113488433838466e+00 3.909997155518118707e-13 -3.594129626281944525e-14 5.346105704761201505e-01 2.846862805601819632e-02 9.962522009941450400e-15 5.346105704756695109e-01 -2.846862805629423940e-02 1.441991395480967679e-14
1.210000000000000000e+02 2.501152993373210393e+03 -8.315535491694291403e-01 4.860766970354080078e-13 3.130862784692803806e-15 4.158104921825404032e-01 9.781294800861846384e-02 2.658829348576646096e-14 4.158104921822027844e-01 -9.781294800908779674e-02 -6.114873520255763754e-15
1.220000000000000000e+02 2.521823679268856722e+03 -5.521591524266552531e-01 2.286966109292945717e-13 7.458936158871908919e-14 2.760864476513646415e-01 1.813905184851592467e-01 5.518719453523335186e-15 2.760864476514049426e-01 -1.813905184851035413e-01 1.205787970079097137e-14
1.230000000000000000e+02 2.542494365164503051e+03 -2.543732813499568479e-01 1.613602626024103833e-13 -6.692494510477966865e-15 1.271589249972737701e-01 2.664526785205334480e-01 -2.348756661869176154e-14 1.271589249973476277e-01 -2.664526785206491333e-01 3.194488402018592682e-14
1.240000000000000000e+02 2.563165051060149381e+03 3.527669533858471956e-02 -2.033481754558163453e-13 2.945864083577651447e-14 -1.770842258242067216e-02 3.380042148558108916e-01 -1.346979657873464533e-14 -1.770842258203517497e-02 -3.380042148556300918e-01 3.421800801147463624e-15
1.250000000000000000e+02 2.583835736955795710e+03 2.905936647415610641e-01 -3.958929892344761214e-13 8.548648620216751715e-14 -1.454149145631275786e-01 3.807687769432224201e-01 -2.505077898819517595e-14 -1.454149145625143746e-01 -3.807687769427796076e-01 7.184928143243395420e-15
1.260000000000000000e+02 2.604506422851442039e+03 4.900297042455883378e-01 -4.212554627607135766e-13 8.505859493352500112e-14 -2.451814438621002512e-01 3.819395346101814859e-01 -1.090042084690462614e-14 -2.451814438617499481e-01 -3.819395346100251665e-01 -1.288148490552142555e-14
1.270000000000000000e+02 2.625177108747088369e+03 6.207341078809107682e-01 -3.977028946788621489e-13 -5.345396607496712526e-14 -3.105754310567798160e-01 3.340612289442984051e-01 2.283899227154047847e-14 -3.105754310564098897e-01 -3.340612289440491600e-01 -3.969421189520782286e-14
1.280000000000000000e+02 2.645847794642734698e+03 6.808976774310711022e-01 -3.307721306415275081e-13 -1.415491370957594823e-14 -3.406857485283753539e-01 2.370706692964615336e-01 -3.971595941522763635e-14 -3.406857485280029296e-01 -2.370706692960762862e-01 1.047675737842074301e-14
1.290000000000000000e+02 2.666518480538381027e+03 6.794797608851225190e-01 -3.229919574161671827e-13 1.232578228733155436e-13 -3.399889007129173746e-01 9.869262963955165169e-02 -9.610955187945343496e-15 -3.399889007124518026e-01 -9.869262963914295084e-02 -2.145151224923411088e-14
1.300000000000000000e+02 2.687189166434027356e+03 6.334499025535109684e-01 -4.719244091899612453e-13 1.129839817126178629e-13 -3.169706548158581771e-01 -6.700171168416677037e-02 -1.578539133311498104e-14 -3.169706548155666326e-01 6.700171168441453051e-02 -7.078584335290768555e-15
1.310000000000000000e+02 2.707859852329673686e+03 5.636615813432800381e-01 -8.948068496307589238e-14 9.313606182413382075e-14 -2.820618262536360721e-01 -2.423169427399984033e-01 1.315807409220140639e-15 -2.820618262535969367e-01 2.423169427401336562e-01 -2.841918766310796509e-14
1.320000000000000000e+02 2.728530538225320015e+03 4.907982898686538697e-01 1.855622013637009834e-14 1.403902762191075453e-14 -2.456094171383733094e-01 -4.089724613727425684e-01 -9.290734686078114256e-15 -2.456094171383693403e-01 4.089724613727404590e-01 -1.025840713641989984e-14
1.330000000000000000e+02 2.749201224120966344e+03 4.324340480391241637e-01 -4.344990433066756403e-13 4.761383918378565354e-14 -2.164052515557229883e-01 -5.506028378941699719e-01 1.515245365847064804e-15 -2.164052515560157541e-01 5.506028378936428380e-01 -3.535402023949611125e-14
1.340000000000000000e+02 2.769871910016612674e+03 4.015155741415414314e-01 1.234789675563497048e-12 1.531317831737083710e-13 -2.009262838747928603e-01 -6.543218209565115906e-01 -3.676623250204847042e-15 -2.009262838749492908e-01 6.543218209562134957e-01 -1.749236464724819291e-14
1.350000000000000000e+02 2.790542595912259003e+03 4.059722516842883544e-01 7.956377080020723582e-13 1.088003870768116962e-14 -2.031395987782925183e-01 -7.114202171041845713e-01 2.946420250084657925e-14 -2.031395987784732626e-01 7.114202171036584366e-01 -3.543235380430353845e-14
1.360000000000000000e+02 2.811213281807905332e+03 4.488673291432204726e-01 -1.101874477762755970e-12 6.539643287655791846e-14 -2.245784032139411246e-01 -7.175693687170935364e-01 2.698170224617616419e-14 -2.245784032145113629e-01 7.175693687165680679e-01 -3.310702116917749132e-14
1.370000000000000000e+02 2.831883967703551662e+03 5.286721705011496741e-01 -1.017136847560473773e-12 -5.402605339062338642e-14 -2.644795116577834393e-01 -6.727921340663678418e-01 2.541703035654501041e-15 -2.644795116581032945e-01 6.727921340657284643e-01 -1.462224981001444142e-14
1.380000000000000000e+02 2.852554653599197991e+03 6.392347471409668414e-01 1.093469779190272877e-12 8.929589567334518453e-14 -3.197676817974802188e-01 -5.815737974817802858e-01 -1.180767086912707440e-15 -3.197676817977216923e-01 5.815737974813239841e-01 -2.905668260680888150e-14
1.390000000000000000e+02 2.873225339494844320e+03 7.696065189331746659e-01 -9.595554018710657565e-13 4.387726004154771922e-14 -3.849687569196684200e-01 -4.529331705828706367e-01 -1.230655727594382695e-14 -3.849687569200128667e-01 4.529331705823919085e-01 -3.146078501808287857e-14
1.400000000000000000e+02 2.893896025390490649e+03 9.039823434237989064e-01 -2.958118983085607623e-13 5.222745730578119766e-14 -4.521789769866065289e-01 -3.002405632445982464e-01 -5.420184959353759964e-15 -4.521789769867023412e-01 3.002405632444851702e-01 -2.760623506595087755e-14
1.410000000000000000e+02 2.914566711286136979e+03 1.022225074010741475e+00 8.797047367291062020e-14 1.808904534268748377e-13 -5.113266118435971785e-01 -1.404538943074011281e-01 -3.930872150307682102e-14 -5.113266118436033958e-01 1.404538943071061696e-01 1.744007329798159683e-15
1.420000000000000000e+02 2.935237397181783308e+03 1.101654721541906801e+00 5.377897699644982826e-13 -2.161076833288532288e-14 -5.510663633220985735e-01 7.718698388080581958e-03 -7.101134030384755255e-14 -5.510663633220925783e-01 -7.718698388169667815e-03 2.755155898669271184e-14
1.430000000000000000e+02 2.955908083077429637e+03 1.120222459411225557e+00 -6.825393313834620935e-13 -8.906453815961628998e-14 -5.603670480484617133e-01 1.266273934081953156e-01 -5.922275981400594531e-15 -5.603670480482266791e-01 -1.266273934081252328e-01 -3.119464689652303908e-14
1.440000000000000000e+02 2.976578768973075967e+03 1.060751799290317487e+00 -5.064401746106705728e-13 1.459756617463128705e-13 -5.306338082068425832e-01 2.030133838778468980e-01 -2.372666950334320547e-14 -5.306338082064168127e-01 -2.030133838775245170e-01 -2.560943916604458123e-14
1.450000000000000000e+02 2.997249454868722296e+03 9.150897880986864630e-01 -5.897172774852654657e-14 9.587352597832199704e-14 -4.577860865552036418e-01 2.308319724811538354e-01 -3.015082726970556614e-14 -4.577860865549499558e-01 -2.308319724807626483e-01 -7.149952522216338331e-15
1.460000000000000000e+02 3.017920140764368625e+03 6.866979236932231334e-01 -2.240090114690581375e-13 2.946012182164769222e-14 -3.435553952720470927e-01 2.125067357537864798e-01 1.888997743394311947e-14 -3.435553952718501947e-01 -2.125067357533044765e-01 -3.468479768728567113e-14
1.470000000000000000e+02 3.038590826660014955e+03 3.906172808773935023e-01 -3.525681939435936339e-13 -4.402391459952563610e-14 -1.954681951385310035e-01 1.580880245345881729e-01 -2.805337676490565272e-15 -1.954681951380961291e-01 -1.580880245342660417e-01 -9.665845452554730678e-15
1.480000000000000000e+02 3.059261512555661284e+03 5.079144848245949889e-02 -2.685668584895222285e-13 1.125778159782605463e-13 -2.550421608068712334e-02 8.266871331767654263e-02 2.940493290393115718e-14 -2.550421608057119871e-02 -8.266871331738916140e-02 -3.206335412166602996e-14
1.490000000000000000e+02 3.079932198451307613e+03 -3.042281749408332070e-01 1.070586659211234774e-13 -4.657888022183403064e-14 1.520549919872561107e-01 3.062824543069249308e-03 -3.707333462150357127e-14 1.520549919874490397e-01 -3.062824542894637247e-03 4.805460382118827896e-14
1.500000000000000000e+02 3.100602884346953942e+03 -6.457205867648491138e-01 -2.800435804981294224e-14 -7.893559495755579369e-14 3.228459655999571520e-01 -6.515015717585509458e-02 -2.129262377725915108e-14 3.228459656000727263e-01 6.515015717593844458e-02 6.203609435923201181e-14
1.510000000000000000e+02 3.121273570242600272e+03 -9.482291193396881201e-01 3.257888042495433428e-13 3.447365086793075891e-14 4.741386494863382706e-01 -1.095635638835665837e-01 -1.767151853842238855e-14 4.741386494862047662e-01 1.095635638833872272e-01 6.581405797011204266e-14
1.520000000000000000e+02 3.141944256138246601e+03 -1.191548787113519303e+00 3.821901577877637458e-13 -4.200092477408093530e-14 5.958294929503736848e-01 -1.217796701451926422e-01 1.924591380564037804e-14 5.958294929502623294e-01 1.217796701452066171e-01 4.148426696211531362e-14
1.530000000000000000e+02 3.162614942033892930e+03 -1.361486386077277011e+00 2.660544002619340088e-13 -9.684660976325751924e-14 6.808220049389114292e-01 -9.746221999499045385e-02 3.549289897442796691e-14 6.808220049385391714e-01 9.746221999469588393e-02 4.058312433897911761e-14
1.540000000000000000e+02 3.183285627929539260e+03 -1.449940262572256389e+00 3.797070289286202586e-13 -5.676994668003631052e-14 7.250665978157400104e-01 -3.604264219360785171e-02 3.412892780259829896e-14 7.250665978152324165e-01 3.604264219324464225e-02 3.795476344122840084e-14
1.550000000000000000e+02 3.203956313825185589e+03 -1.454841745734747560e+00 1.703905907113284003e-13 -8.213236557469969987e-15 7.275306055343990774e-01 5.957090775229829938e-02 2.927411348234185240e-14 7.275306055338350841e-01 -5.957090775251333570e-02 4.410699318730544784e-14
1.560000000000000000e+02 3.224626999720831918e+03 -1.380257669323863956e+00 1.716809711311636524e-13 -1.092737911907695670e-13 6.902488446475365524e-01 1.831296919685485580e-01 1.550853311643706931e-14 6.902488446472819783e-01 -1.831296919689926472e-01 4.546782380084052324e-14
1.570000000000000000e+02 3.245297685616478248e+03 -1.236708008069552278e+00 2.546115068339349598e-13 1.636224041657737208e-14 6.184820295251585165e-01 3.250332085920824010e-01 -2.275566057016619501e-15 6.184820295249968680e-01 -3.250332085925272119e-01 8.291720441642197626e-14
1.580000000000000000e+02 3.265968371512124577e+03 -1.041269854076041890e+00 -2.488181750770508978e-14 9.346618195362305452e-14 5.207686477103967704e-01 4.724303963433465481e-01 -1.042667408850900588e-14 5.207686477103056211e-01 -4.724303963434037246e-01 7.557436580900257194e-14
1.590000000000000000e+02 3.286639057407770906e+03 -8.169998621357070778e-01 -1.777296565022471420e-13 9.791976350328538083e-14 4.086363086547001311e-01 6.097031679961522066e-01 -1.805254393385343146e-14 4.086363086549418822e-01 -6.097031679961644191e-01 4.324373584114519573e-14
1.600000000000000000e+02 3.307309743303417235e+03 -5.909173614096738802e-01 -4.136680001049761819e-14 4.945884557060589825e-14 2.955935588938311542e-01 7.197219573130729797e-01 1.148610834377341072e-14 2.955935588941550618e-01 -7.197219573129709502e-01 2.634472473843756571e-14
1.610000000000000000e+02 3.327980429199063565e+03 -3.903604740792287475e-01 -2.560622808181483848e-13 1.981053204085791000e-14 1.953081321291793848e-01 7.859715436959058277e-01 1.540977510297392061e-14 1.953081321297889805e-01 -7.859715436955765355e-01 8.097353574927679472e-15
1.620000000000000000e+02 3.348651115094709894e+03 -2.381072509053205055e-01 -4.937848627010439882e-13 7.751475741708180259e-14 1.191675218493900013e-01 7.953800807004705042e-01 -1.198387246581692618e-14 1.191675218500490158e-01 -7.953800806999358208e-01 1.859864593717306501e-14
1.630000000000000000e+02 3.369321800990356223e+03 -1.476068458488628277e-01 -4.612449731808023440e-13 1.947296981372999260e-13 7.389456262544390197e-02 7.411349168643759366e-01 -2.961547117385303864e-15 7.389456262620575089e-02 -7.411349168639218554e-01 6.364633510353576532e-15
1.640000000000000000e+02 3.389992486886002553e+03 -1.200344267147925165e-01 -8.099395619288464586e-13 -1.819885971182401865e-13 6.007522059972221495e-02 6.245740090265218258e-01 -2.224986232414600304e-14 6.007522060042833068e-02 -6.245740090260452071e-01 3.274414414070855769e-14
1.650000000000000000e+02 3.410663172781648882e+03 -1.444083557464789780e-01 -5.043753093807526372e-13 -6.613353966471140693e-14 7.221802907405215632e-02 4.553826755074880661e-01 3.503151511376301504e-14 7.221802907466802479e-02 -4.553826755067946763e-01 -2.945066609533273924e-14
1.660000000000000000e+02 3.431333858677295211e+03 -2.007386716064541443e-01 -4.471462945270429855e-13 4.078223596368584111e-14 1.003294370439117567e-01 2.499480338748815145e-01 -9.795965838776199514e-15 1.003294370445968614e-01 -2.499480338745189156e-01 7.826276854715937907e-15
1.670000000000000000e+02 3.452004544572941541e+03 -2.649137270137544853e-01 -5.479451135198658421e-13 7.244970449304104404e-14 1.323579117530870042e-01 2.844594894483733552e-02 -1.593789821105745308e-14 1.323579117534079141e-01 -2.844594894458975232e-02 1.784850447723152303e-14
1.680000000000000000e+02 3.472675230468587870e+03 -3.135530375801598435e-01 -6.053050912132573292e-14 6.939216106568511908e-14 1.566201893274862256e-01 -1.883709137017028912e-01 -2.643398509171983779e-15 1.566201893275550872e-01 1.883709137018919899e-01 7.364163948770826338e-15
1.690000000000000000e+02 3.493345916364234199e+03 -3.274849891545274505e-01 4.227078218458958066e-14 -7.853105487613510564e-14 1.635386822015960084e-01 -3.817967941448738856e-01 1.469885125458397604e-14 1.635386822013671082e-01 3.817967941447782398e-01 -6.680809469367297151e-15
1.700000000000000000e+02 3.514016602259880528e+03 -2.934297987020383358e-01 3.520290978250661576e-13 -1.713190699640572183e-14 1.464805863688528886e-01 -5.367810119758633647e-01 -1.901788456303291269e-15 1.464805863683738552e-01 5.367810119757102649e-01 2.952088730505700511e-15
1.710000000000000000e+02 3.534687288155526858e+03 -2.042451377285219583e-01 6.139958189800386240e-13 -4.622254958275474896e-14 1.018783716524286481e-01 -6.425919536710897884e-01 2.263570990073276459e-14 1.018783716517665389e-01 6.425919536706061752e-01 -1.449023643128515224e-14
1.720000000000000000e+02 3.555357974051173187e+03 -5.843540291734040937e-02 1.095739666440578115e-12 6.183572027567492223e-15 2.898323338761563811e-02 -6.929202953671157461e-01 2.514239621903069660e-14 2.898323338680384997e-02 6.929202953666327991e-01 -2.487472835956003621e-14
1.730000000000000000e+02 3.576028659946819516e+03 1.404248644541269686e-01 1.158511460635221389e-12 8.653800280427553414e-14 -7.042272490557198450e-02 -6.858637760452656051e-01 1.246970390434285358e-14 -7.042272490603215807e-02 6.858637760444861176e-01 -2.582827840661474343e-14
1.740000000000000000e+02 3.596699345842465846e+03 3.839649838718388053e-01 6.791120151129247880e-13 4.023959552435185941e-14 -1.921617073424422562e-01 -6.240984731737682090e-01 4.631213504050799103e-15 -1.921617073430386957e-01 6.240984731731478163e-01 -3.311707445703350586e-14
1.750000000000000000e+02 3.617370031738112175e+03 6.589385521263844137e-01 6.637863434487317247e-13 7.523560153172784969e-14 -3.296180394310299078e-01 -5.152799411167632293e-01 -8.959184199434535630e-15 -3.296180394313319439e-01 5.152799411164176169e-01 -4.026740179927405469e-14
1.760000000000000000e+02 3.638040717633758504e+03 9.470541566771031317e-01 1.021791452992675499e-12 1.483636061810813981e-13 -4.736514571681283980e-01 -3.724263117084802843e-01 -8.445478334918582087e-15 -4.736514571682263197e-01 3.724263117082041163e-01 -4.293329074985906112e-14
1.770000000000000000e+02 3.658711403529404834e+03 1.225253367578608588e+00 7.463128142334527835e-13 1.223107395883289142e-13 -6.127352603808020604e-01 -2.137591653334156849e-01 -4.647911454590432056e-14 -6.127352603807532105e-01 2.137591653330947195e-01 -4.842497725175885250e-14
1.780000000000000000e+02 3.679382089425051163e+03 1.467079621900174491e+00 -3.814416641493795509e-13 9.789490686721777751e-14 -7.336413811552610076e-01 -6.136936331940041206e-02 -4.628149439890653957e-14 -7.336413811549512554e-01 6.136936331942265815e-02 -5.496799523377396843e-14
1.790000000000000000e+02 3.700052775320697492e+03 1.645575555814702495e+00 -1.138068916293657268e-14 1.214582698618812753e-13 -8.228903875141921898e-01 6.169170826217226788e-02 -7.920991358799164441e-14 -8.228903875135644697e-01 -6.169170826173826089e-02 -3.527677178023766130e-14
1.800000000000000000e+02 3.720723461216343821e+03 1.737562800262327789e+00 -1.736717760427749811e-12 1.385163754247102431e-13 -8.688922886134824441e-01 1.356855978317361155e-01 -7.901298891084964960e-14 -8.688922886130621137e-01 -1.356855978313699362e-01 -5.149257781905889192e-14
1.810000000000000000e+02 3.741394147111990151e+03 1.728244302555822509e+00 4.642384688803361526e-13 1.867010811358859768e-13 -8.642477060584518034e-01 1.486108668090519169e-01 -3.993839476303112235e-14 -8.642477060578968029e-01 -1.486108668089816398e-01 -6.897954925593164454e-14
1.820000000000000000e+02 3.762064833007636480e+03 1.614654607808182485e+00 -7.372098314745569681e-13 1.143487526014564933e-13 -8.074726075605884734e-01 9.931784553445230368e-02 -3.566509926817751811e-14 -8.074726075598972486e-01 -9.931784553412997818e-02 -6.668153073578225589e-14
1.830000000000000000e+02 3.782735518903282809e+03 1.406472283034048809e+00 -7.987288227190839927e-13 1.495075389240021311e-13 -7.034044138286033032e-01 -2.204423167124163092e-03 -2.613459645335180269e-14 -7.034044138279840208e-01 2.204423167104205532e-03 -8.014279018752349816e-14
1.840000000000000000e+02 3.803406204798929139e+03 1.123973922368300293e+00 6.153271833169186188e-13 1.293656427485333488e-13 -5.621792880439590023e-01 -1.373361639283312285e-01 -2.004713470894496831e-14 -5.621792880436835560e-01 1.373361639282658919e-01 -5.954436095701208688e-14
1.850000000000000000e+02 3.824076890694575468e+03 7.938968601438644024e-01 1.227383454731086311e-12 7.375071961192363685e-14 -3.971634901382183891e-01 -2.832122712463240322e-01 -3.536055698536296456e-14 -3.971634901383767624e-01 2.832122712460087288e-01 -1.389814267315267726e-14
1.860000000000000000e+02 3.844747576590221797e+03 4.448654410402048121e-01 4.004031575465925792e-13 9.375457392041256929e-14 -2.226657817844388543e-01 -4.171744304428763872e-01 -1.090661258573658888e-14 -2.226657817850664911e-01 4.171744304423101735e-01 -2.587173799334641953e-14
1.870000000000000000e+02 3.865418262485868127e+03 1.036706715984070243e-01 7.137812599930669241e-13 -2.525362644042820313e-14 -5.207654725594242084e-02 -5.200692041082914940e-01 4.294025423391743709e-14 -5.207654725684604524e-02 5.200692041077362715e-01 -3.577112773117159013e-14
1.880000000000000000e+02 3.886088948381514456e+03 -2.069844791370261672e-01 5.388134576452676779e-13 3.500395267358578210e-14 1.032587222327594062e-01 -5.779152281218319365e-01 5.650027033582319380e-14 1.032587222318765985e-01 5.779152281211867859e-01 -2.950984025957506179e-14
1.890000000000000000e+02 3.906759634277160785e+03 -4.694232612326732501e-01 5.682210236549720750e-13 -1.592015111240936567e-13 2.345056026899758617e-01 -5.822360503571194501e-01 6.388515162686965800e-14 2.345056026890582623e-01 5.822360503564388834e-01 2.739077204062171429e-15
1.900000000000000000e+02 3.927430320172807114e+03 -6.711640809525913909e-01 6.642249957968642075e-13 -7.360681695180023283e-14 3.354222558271269250e-01 -5.296826501870727233e-01 4.649554931601426813e-14 3.354222558263243448e-01 5.296826501863821646e-01 1.484974036232903029e-14
1.910000000000000000e+02 3.948101006068453444e+03 -8.049173991262572603e-01 3.809085408864345173e-13 -4.525164820499495635e-14 4.023576462100717510e-01 -4.215305579342564224e-01 5.542425052320674204e-14 4.023576462092464112e-01 4.215305579337025321e-01 1.121384838889088531e-14
1.920000000000000000e+02 3.968771691964099773e+03 -8.688097507855264690e-01 9.491689782821405616e-14 -1.713234637175275683e-13 4.343660309915444717e-01 -2.633768219088155615e-01 4.738340556017281237e-14 4.343660309910056805e-01 2.633768219084436368e-01 3.364107629965870192e-14
1.930000000000000000e+02 3.989442377859746102e+03 -8.669599241797916189e-01 -6.963215961299104176e-14 -1.254746454100747294e-14 4.334984545672412315e-01 -6.509330339939638221e-02 3.942159456554044866e-14 4.334984545672602163e-01 6.509330339970972878e-02 3.770861335786789967e-14
1.940000000000000000e+02 4.010113063755392432e+03 -8.101685779747856975e-01 -5.233672598949968670e-13 -6.061130117538666807e-14 4.051500227659771136e-01 1.591808077866613547e-01 3.510005863647912968e-14 4.051500227660433384e-01 -1.591808077863603177e-01 4.496054346269924069e-14
1.950000000000000000e+02 4.030783749651038761e+03 -7.161584320762161004e-01 -3.330586151714619341e-13 -2.041529306858091802e-14 3.581805105431475345e-01 3.913861000611897900e-01 -3.991247218117793054e-14 3.581805105438663483e-01 -3.913861000607069540e-01 1.126269395905389490e-13
1.960000000000000000e+02 4.051454435546685090e+03 -6.086062556312682448e-01 -4.456918808291864720e-13 -9.573441351184468031e-14 3.044293347564240859e-01 6.106429253366773002e-01 -9.729942820729908520e-15 3.044293347571678243e-01 -6.106429253359894060e-01 7.070897358470476114e-14
1.970000000000000000e+02 4.072125121442331420e+03 -5.143443812054525610e-01 -7.717774084782145301e-13 -1.141773057587307629e-15 2.573148181452890593e-01 7.953549315266472686e-01 1.295805466922268560e-14 2.573148181462058814e-01 -7.953549315259483832e-01 4.255752728923118170e-14
1.980000000000000000e+02 4.092795807337977749e+03 -4.587288600159375451e-01 -7.154047068881120365e-13 -1.069514492859397745e-13 2.295171164493224336e-01 9.261895979864912531e-01 -1.403337158629374214e-14 2.295171164503450600e-01 -9.261895979859871009e-01 5.658732436481935703e-14
1.990000000000000000e+02 4.113466493233624533e+03 -4.600913977013743050e-01 -4.441694131007169773e-13 3.892300065579319953e-14 2.302036281859402567e-01 9.893506393915290076e-01 -8.162438067410546443e-15 2.302036281869196954e-01 -9.893506393908774177e-01 5.920384972004734176e-14
2.000000000000000000e+02 4.134137179129271317e+03 -5.251782412590503268e-01 -5.934478092808156204e-13 2.454213882487558192e-14 2.627483378238804623e-01 9.791254193827128027e-01 -1.471831542179690183e-14 2.627483378250225488e-01 -9.791254193821761209e-01 6.997597782945863510e-14
