# Step, Time, Bare (zero-field) forces on each atom and dimension in [eV/A]
0.000000000000000000e+00 0.000000000000000000e+00 7.312622091649910727e-01 -1.866795990547147825e-14 5.905207513427196124e-14 -3.658143637831797190e-01 4.246072393461978178e-01 9.269795053302548607e-16 -3.658143637832710904e-01 -4.246072393461749472e-01 -1.120979635075466172e-15
1.000000000000000000e+00 2.067068589564640035e+01 6.917465394455222238e-01 7.074276175467018264e-14 -2.771317859226490788e-14 -3.460555790403228027e-01 3.955934370878439466e-01 2.827406186059526165e-14 -3.460555790404483689e-01 -3.955934370880380135e-01 -3.197686337304420919e-14
2.000000000000000000e+00 4.134137179129280071e+01 5.793403282980583713e-01 -1.963461640564966660e-14 -2.531193538886812512e-14 -2.898501170073613520e-01 3.130367597515478773e-01 1.615033650187630437e-14 -2.898501170073727873e-01 -3.130367597516506284e-01 -1.775115552524676784e-14
3.000000000000000000e+00 6.201205768693920106e+01 4.109501969301669333e-01 -1.276628129379893486e-13 -1.160283343856490761e-13 -2.056525565466346128e-01 1.893126121958293995e-01 -7.272533080112868741e-15 -2.056525565464861760e-01 -1.893126121957494634e-01 1.034456869972064169e-14
4.000000000000000000e+00 8.268274358258560142e+01 2.103968199949799167e-01 -1.898914926678792234e-13 9.875633248869012119e-14 -1.053746539092479395e-01 4.193723728118187860e-02 5.014044321753800034e-15 -1.053746539090424095e-01 -4.193723728109053500e-02 -8.635284223285298212e-15
5.000000000000000000e+00 1.033534294782320018e+02 3.683331295078681733e-03 -1.772046724453978183e-13 3.776433882029473070e-14 -2.018731827991011862e-03 -1.098381930187142252e-01 -1.928237462406479765e-14 -2.018731827842577646e-03 1.098381930186799749e-01 1.370301438463110358e-14
6.000000000000000000e+00 1.240241153738784021e+02 -1.851009728751144279e-01 1.202346901099149408e-13 7.796389141164338795e-14 9.237092810728469994e-02 -2.480182411766274075e-01 -8.548148515760787066e-15 9.237092810746740101e-02 2.480182411767073436e-01 6.468007970833685096e-15
7.000000000000000000e+00 1.446948012695248167e+02 -3.364060966356402504e-01 -2.365722373251268290e-13 6.189822646491254674e-14 1.680205541802867464e-01 -3.578312372880143033e-01 1.822286557401827467e-14 1.680205541803780900e-01 3.578312372880599890e-01 -2.045566618151538251e-14
8.000000000000000000e+00 1.653654871651712028e+02 -4.363463860913019965e-01 -5.758102717264355070e-14 1.382892283795759338e-13 2.179887050113323288e-01 -4.286306684496331010e-01 -2.119367648204619783e-14 2.179887050112866431e-01 4.286306684497358521e-01 2.350437640827865205e-14
9.000000000000000000e+00 1.860361730608175890e+02 -4.768194668224011168e-01 3.378895334809626517e-14 -8.212827699578930069e-14 2.382251845726164052e-01 -4.540631730349927730e-01 2.934509614195556431e-15 2.382251845724679684e-01 4.540631730349585227e-01 -1.290504857514400300e-14
1.000000000000000000e+01 2.067068589564639751e+02 -4.552482288695796075e-01 2.378493639227560828e-13 -3.671943954498899956e-14 2.274418529837786418e-01 -4.319428228228801014e-01 -6.523220196545309377e-15 2.274418529838585501e-01 4.319428228229143518e-01 -2.469655931704298018e-15
1.100000000000000000e+01 2.273775448521103613e+02 -3.743972404114526142e-01 9.990913726556658862e-14 2.442973468121487757e-14 1.870208401021211941e-01 -3.641487850429789286e-01 1.342805642893190341e-14 1.870208401020070077e-01 3.641487850430246143e-01 -1.431134895514082618e-14
1.200000000000000000e+01 2.480482307477567474e+02 -2.424857291669122172e-01 2.172851353208648184e-13 -2.359305429322138083e-14 1.210710672040603564e-01 -2.567075199931548868e-01 -1.580689692206072981e-14 1.210710672039690128e-01 2.567075199930064500e-01 1.257713133259695916e-14
1.300000000000000000e+01 2.687189166434031335e+02 -7.338364923473882084e-02 6.676886460968957061e-14 -1.304498284468258318e-13 3.652644144188962883e-02 -1.198935277298980306e-01 7.120143410149048903e-15 3.652644144177544933e-02 1.198935277299094521e-01 -8.617129347551975068e-15
1.400000000000000000e+01 2.893896025390495197e+02 1.135074827590485946e-01 2.745989146651218167e-13 -4.760626968401681154e-14 -5.691326676093364650e-02 3.193249062120209064e-02 -4.340627708322117416e-15 -5.691326676125334910e-02 -3.193249062161313684e-02 1.115975860407667300e-14
1.500000000000000000e+01 3.100602884346959058e+02 2.943223971555939955e-01 2.281084710636029362e-14 5.280789365495882701e-14 -1.473157357290809100e-01 1.811957790172181726e-01 -9.764615590263172776e-16 -1.473157357291037528e-01 -1.811957790172410154e-01 6.021308852806950736e-16
1.600000000000000000e+01 3.307309743303422920e+02 4.432457513026734630e-01 6.771342065515394110e-14 -8.695688154637786072e-15 -2.217727022859590225e-01 3.090160014274810352e-01 6.958927602631408148e-15 -2.217727022859019292e-01 -3.090160014278235945e-01 -6.386708975096475506e-15
1.700000000000000000e+01 3.514016602259886781e+02 5.364835313945793827e-01 -3.688550347379107431e-14 6.077883698524445964e-14 -2.683860677437841513e-01 3.981170425993343920e-01 -1.987396180134787424e-14 -2.683860677438869025e-01 -3.981170425993001416e-01 2.340618126039157261e-14
1.800000000000000000e+01 3.720723461216350643e+02 5.569256731944911554e-01 -1.258501471312146488e-13 6.021762151560305993e-14 -2.785999497234463163e-01 4.361546863956924924e-01 -1.468599181986840292e-14 -2.785999497232978794e-01 -4.361546863954983699e-01 1.763344618275006152e-14
1.900000000000000000e+01 3.927430320172814504e+02 4.980469581450384098e-01 -4.089379223495230679e-13 1.848851845669892358e-14 -2.491516973925005651e-01 4.184241391690813328e-01 7.000974376457335174e-15 -2.491516973923178779e-01 -4.184241391690356471e-01 -1.120903433850343841e-14
2.000000000000000000e+01 4.134137179129278366e+02 3.655356024704673468e-01 -1.742934877298609929e-13 7.106036699617847297e-14 -1.828863049351130976e-01 3.489038706495607989e-01 -2.318483896561675755e-14 -1.828863049350560044e-01 -3.489038706493209907e-01 1.888224627979924455e-14
2.100000000000000000e+01 4.340844038085742227e+02 1.760859703025107470e-01 -2.019945566642283222e-13 7.412833875086419997e-15 -8.815239721463222211e-02 2.393060563977008337e-01 -1.667946452961128231e-14 -8.815239721470073675e-02 -2.393060563975067390e-01 1.029692453080381540e-14
2.200000000000000000e+01 4.547550897042206088e+02 -4.634391969674499234e-02 -2.033077124804749341e-13 5.549547970025798898e-14 2.306975779646661812e-02 1.063618049860534237e-01 1.262612914545366058e-14 2.306975779659221557e-02 -1.063618049858250647e-01 -2.132677941720264393e-14
2.300000000000000000e+01 4.754257755998669950e+02 -2.751622670993015274e-01 -1.497476788848764043e-13 -7.283315085866777925e-14 1.374838870631883148e-01 -3.146555865432294763e-02 4.146997610018345921e-15 1.374838870635308741e-01 3.146555865448279893e-02 -1.272057790188545812e-14
2.400000000000000000e+01 4.960964614955133811e+02 -4.852915888886514262e-01 2.153799568477332487e-13 6.371239082433565146e-14 2.425518841361241351e-01 -1.569014693341088118e-01 -2.348957991334274542e-14 2.425518841361355427e-01 1.569014693340745614e-01 2.514359480673278615e-14
2.500000000000000000e+01 5.167671473911598241e+02 -6.559107554955506680e-01 2.809566772686368828e-13 4.082676254144053608e-14 3.278642907039264753e-01 -2.557788296293093122e-01 -1.998891455195782023e-14 3.278642907038123444e-01 2.557788296293206920e-01 2.292106080451914748e-14
2.600000000000000000e+01 5.374378332868062671e+02 -7.717397967462885644e-01 4.477432612190755903e-14 1.591234985842208091e-14 3.857820320921097612e-01 -3.179371054041278954e-01 4.750358193152541081e-15 3.857820320919955748e-01 3.179371054039680788e-01 1.156516531276955278e-14
2.700000000000000000e+01 5.581085191824527101e+02 -8.232448712672949531e-01 -8.847573311474279457e-14 -9.292610437507066601e-14 4.115386045260764347e-01 -3.373476741676486035e-01 4.355241516167393314e-15 4.115386045259850634e-01 3.373476741675458523e-01 -3.093267046683844518e-15
2.800000000000000000e+01 5.787792050780991531e+02 -8.064845369922136742e-01 1.449893590140328931e-14 -7.630208594800226860e-14 4.031632724322697925e-01 -3.119908352783897776e-01 1.817288912845772517e-14 4.031632724324296091e-01 3.119908352780472183e-01 -1.899534083625198673e-14
2.900000000000000000e+01 5.994498909737455961e+02 -7.229749747710014773e-01 3.700715584747916419e-14 6.295872831097176392e-14 3.614137959332182071e-01 -2.437219066702504544e-01 1.655293825130362011e-14 3.614137959333209582e-01 2.437219066701933612e-01 -1.124864817586743047e-14
3.000000000000000000e+01 6.201205768693920390e+02 -5.798953645684187252e-01 1.173731448371122054e-13 2.385981330714817245e-14 2.898791028514310364e-01 -1.383562323831471486e-01 -1.061649903912152195e-14 2.898791028513625356e-01 1.383562323829302110e-01 1.239139242019437211e-14
3.100000000000000000e+01 6.407912627650384820e+02 -3.903405548655324853e-01 1.061249761919527354e-13 4.556649166071678338e-14 1.951055720840627616e-01 -5.764122551473539573e-03 1.712397260971674528e-14 1.951055720840513263e-01 5.764122551564884039e-03 -2.295738682624602185e-14
3.200000000000000000e+01 6.614619486606849250e+02 -1.733159508305396612e-01 1.726642896146131911e-13 -7.229426078022267660e-15 8.659463756982610505e-02 1.402120045698458939e-01 -1.582914411498832873e-14 8.659463756971193249e-02 -1.402120045699943307e-01 1.416776535680592538e-14
3.300000000000000000e+01 6.821326345563313680e+02 4.721555731235955317e-02 2.423175759306657187e-13 -8.916081556246295661e-14 -2.367328263112937134e-02 2.824776600070316723e-01 -3.406453638932528510e-14 -2.367328263119787904e-02 -2.824776600072600452e-01 2.868031870169702916e-14
3.400000000000000000e+01 7.028033204519778110e+02 2.447682997227849100e-01 -1.209399582268182177e-13 2.095022175243018733e-15 -1.224556425193957659e-01 4.023849541617934289e-01 -2.312690523811945994e-14 -1.224556425192587505e-01 -4.023849541617477432e-01 2.143265608469956448e-14
3.500000000000000000e+01 7.234740063476242540e+02 3.943235317257485772e-01 1.416799788259713956e-13 -3.013464815911852942e-14 -1.972425081282298265e-01 4.824570492901244512e-01 -2.508377590594360689e-14 -1.972425081283554205e-01 -4.824570492901244512e-01 2.333839570015315255e-14
3.600000000000000000e+01 7.441446922432706970e+02 4.771022214594450861e-01 1.122045173032959320e-13 6.165642896293827189e-14 -2.386433156472081429e-01 5.096316465596190115e-01 -2.216882302433527566e-14 -2.386433156473108941e-01 -5.096316465597788836e-01 4.061754153365691051e-15
3.700000000000000000e+01 7.648153781389171399e+02 4.847500884758689788e-01 -2.154178001077311086e-13 -3.321992766787372151e-14 -2.424799335651468546e-01 4.781541341400062373e-01 7.109208221000269051e-15 -2.424799335648728238e-01 -4.781541341398691802e-01 -9.679649136913936278e-15
3.800000000000000000e+01 7.854860640345635829e+02 4.212428755430038807e-01 -1.964457866327564896e-13 5.887695523323502844e-14 -2.107396911842190079e-01 3.909739878904570087e-01 -1.875219927922149272e-14 -2.107396911841733500e-01 -3.909739878904456289e-01 1.566332875532466742e-14
3.900000000000000000e+01 8.061567499302100259e+02 3.017952945536920839e-01 -3.169873523944211806e-13 6.127194857555793043e-14 -1.510299360391769985e-01 2.591486328191202615e-01 -1.084110525697390593e-15 -1.510299360389029677e-01 -2.591486328188804533e-01 6.547227032689194714e-15
4.000000000000000000e+01 8.268274358258564689e+02 1.491833085828706273e-01 5.006002462712036151e-14 -4.085038572823479034e-14 -7.473890790079748547e-02 9.944947238849367877e-02 5.016470750612075506e-15 -7.473890790074039225e-02 -9.944947238825389835e-02 -2.059695150093985684e-15
4.100000000000000000e+01 8.474981217215029119e+02 -1.104037490408233194e-02 -1.040948176161631589e-13 -7.862860950731668451e-15 5.357021846437743685e-03 -6.889558679148020948e-02 1.407874606119650652e-14 5.357021846494833435e-03 6.889558679157155308e-02 -1.191917028668354742e-14
4.200000000000000000e+01 8.681688076171493549e+02 -1.548666751376090167e-01 8.296339753919341610e-14 -1.854525634486400846e-15 7.725393241987670023e-02 -2.272744552347180369e-01 -3.741626982169280489e-15 7.725393241986529269e-02 2.272744552349464098e-01 -1.472252077459137825e-15
4.300000000000000000e+01 8.888394935127957979e+02 -2.627079624050955298e-01 -1.623191150617923437e-13 -2.520233666051246754e-14 1.311592095312202333e-01 -3.598690627348590243e-01 9.523296147719193144e-15 1.311592095313229844e-01 3.598690627348247739e-01 -2.099099391363704322e-14
4.400000000000000000e+01 9.095101794084422409e+02 -3.206993503082281038e-01 -1.236628030740724080e-14 2.092833671482024009e-14 1.601417318772416221e-01 -4.547796336942362405e-01 -9.977699471646180439e-15 1.601417318772759002e-01 4.547796336941905548e-01 2.343991169436016753e-14
4.500000000000000000e+01 9.301808653040886838e+02 -3.208771409046593526e-01 -5.675117203388726671e-15 -6.648133646930065774e-14 1.602205958907828853e-01 -5.043528770550759210e-01 1.746113316714514869e-14 1.602205958906230132e-01 5.043528770550644857e-01 -1.902949874881814980e-14
4.600000000000000000e+01 9.508515511997351268e+02 -2.608973076540457292e-01 -3.839815244004449542e-14 4.113201101272750847e-14 1.302240609825306428e-01 -5.051534847884353585e-01 -4.934341895455895893e-14 1.302240609825306428e-01 5.051534847880814194e-01 5.913069974388504513e-14
4.700000000000000000e+01 9.715222370953815698e+02 -1.437407510511068687e-01 -1.314667849640094505e-13 1.268494285914692194e-14 7.164204953632578865e-02 -4.578866659553547103e-01 1.977999398084151249e-14 7.164204953636003903e-02 4.578866659556743990e-01 -1.691232029749413857e-14
4.800000000000000000e+01 9.921929229910280128e+02 2.224680141991671953e-02 -7.004432372653787244e-14 6.202963358414050674e-15 -1.135388592040726015e-02 -3.675366344962657794e-01 2.571693093714472761e-14 -1.135388592038442425e-02 3.675366344959917209e-01 -2.525514947688250086e-14
4.900000000000000000e+01 1.012863608886674456e+03 2.232090867621583929e-01 3.390373417811313357e-13 1.913319340981394615e-14 -1.118373504695314158e-01 -2.435448824989080996e-01 3.063437470836397900e-14 -1.118373504697369458e-01 2.435448824986683469e-01 -2.525245148535116546e-14
5.000000000000000000e+01 1.033534294782320785e+03 4.398413919150706564e-01 -8.664798178659333335e-14 6.368819270358106713e-15 -2.201573303201213583e-01 -9.979089532481430491e-02 5.138829779036472633e-15 -2.201573303202812026e-01 9.979089532460878875e-02 -1.092285759535672428e-14
5.100000000000000000e+01 1.054204980677967114e+03 6.483077083646864303e-01 1.947107799813009635e-13 3.108575381744672942e-14 -3.243959084082077005e-01 4.613865351624497207e-02 -2.916750717768344471e-14 -3.243959084083218869e-01 -4.613865351629064387e-02 3.349796053210213328e-14
5.200000000000000000e+01 1.074875666573613444e+03 8.224710570892294070e-01 -1.488276493135557658e-14 2.755750128019770825e-15 -4.114832519586002491e-01 1.747110905039153117e-01 3.298367857992133619e-15 -4.114832519585545634e-01 -1.747110905041664997e-01 -1.665436307957738566e-14
5.300000000000000000e+01 1.095546352469259773e+03 9.376515690211452148e-01 -1.317835493753650915e-13 7.317911710337353045e-14 -4.690773373594326889e-01 2.674272788131051293e-01 1.146653284158308928e-14 -4.690773373596496265e-01 -2.674272788131279444e-01 -1.076480816027460270e-14
5.400000000000000000e+01 1.116217038364906102e+03 9.751966257546240691e-01 -1.052231174201960311e-13 1.646233932711398720e-14 -4.878499851643940399e-01 3.103934272235686631e-01 -1.809942967656658546e-14 -4.878499851643483542e-01 -3.103934272232946601e-01 1.874441521904053320e-15
5.500000000000000000e+01 1.136887724260552432e+03 9.265699058510942221e-01 1.474051392586206367e-13 8.273558800060576492e-14 -4.635320585339696153e-01 2.974646961540615142e-01 -1.307533070279712336e-14 -4.635320585336613619e-01 -2.974646961540158840e-01 7.156216178324280417e-15
5.600000000000000000e+01 1.157558410156198761e+03 7.953572006453742960e-01 1.410471923184121963e-13 6.832369309798803899e-14 -3.979166733348271090e-01 2.316956219609351553e-01 -4.065124055657416618e-14 -3.979166733347700435e-01 -2.316956219609123124e-01 2.001522549777840760e-14
5.700000000000000000e+01 1.178229096051845090e+03 5.965220393722395764e-01 -6.447625687617587881e-14 2.812729858962580342e-14 -2.984869811058727396e-01 1.246329979938945176e-01 -1.548650381020537876e-15 -2.984869811058499245e-01 -1.246329979937346732e-01 4.823991031013407333e-15
5.800000000000000000e+01 1.198899781947491419e+03 3.530289526644350140e-01 -9.250703746283939613e-14 -4.610096301624592518e-14 -1.767272369004958266e-01 -6.436218948355880431e-03 -5.204086469421460503e-14 -1.767272369002902965e-01 6.436218948572822347e-03 4.054426821940105415e-14
5.900000000000000000e+01 1.219570467843137749e+03 9.133447063162586366e-02 1.491268178533539854e-13 7.730177711678729586e-14 -4.586715026477860419e-02 -1.420452211987007496e-01 -4.235435377691375777e-15 -4.586715026466442469e-02 1.420452211985979984e-01 4.094914954199389612e-16
6.000000000000000000e+01 1.240241153738784078e+03 -1.628370185883038501e-01 -1.127768221148431448e-13 3.666743185163647931e-14 8.123118021848953207e-02 -2.638157504240676299e-01 1.176461869932081136e-14 8.123118021856946813e-02 2.638157504244672547e-01 -8.924698960801712473e-15
6.100000000000000000e+01 1.260911839634430407e+03 -3.874280706429560350e-01 5.391635463080520188e-15 -6.908155351402912316e-14 1.935405125505387236e-01 -3.566634165997967787e-01 5.818766057911305769e-15 1.935405125505387236e-01 3.566634166000822170e-01 5.300059032491266314e-19
6.200000000000000000e+01 1.281582525530076737e+03 -5.655053801731262375e-01 -7.111792218524539111e-14 2.063013919079832462e-15 2.825958698858922480e-01 -4.098228364272267776e-01 1.094382213861833696e-14 2.825958698860863150e-01 4.098228364275008362e-01 -1.834931752600234737e-15
6.300000000000000000e+01 1.302253211425723066e+03 -6.856300754768864802e-01 1.833017648426465241e-13 4.954044772498131367e-14 3.426786232106127650e-01 -4.170188893654026563e-01 2.744571176430748160e-14 3.426786232104300778e-01 4.170188893653912210e-01 -2.522696154908616749e-14
6.400000000000000000e+01 1.322923897321369395e+03 -7.417406816829369420e-01 3.564134802035781380e-13 4.596054381210889861e-14 3.707577373562275791e-01 -3.762533808238737731e-01 1.650916306622413116e-14 3.707577373559535205e-01 3.762533808238395228e-01 -1.626838416726234652e-15
6.500000000000000000e+01 1.343594583217015725e+03 -7.330740018045264206e-01 3.685998719457271648e-13 2.254324638780083121e-14 3.664505298008782774e-01 -2.896000383172672721e-01 3.863684237615198430e-14 3.664505298006270895e-01 2.896000383167762759e-01 -3.232470278780303061e-14
6.600000000000000000e+01 1.364265269112662054e+03 -6.642933525881978829e-01 3.042527266004310575e-13 7.893667231760474891e-15 3.320871537578983790e-01 -1.631175513380205000e-01 -1.503210579330848066e-14 3.320871537574416887e-01 1.631175513376551256e-01 2.060370265728087635e-14
6.700000000000000000e+01 1.384935955008308383e+03 -5.459261356926089492e-01 3.978333611704868030e-13 -8.619266955743107968e-14 2.729296326885182755e-01 -6.949188319553316340e-03 -5.897062909290973287e-15 2.729296326881415213e-01 6.949188319324956474e-03 1.078879019735112725e-14
6.800000000000000000e+01 1.405606640903954712e+03 -3.944692438367062848e-01 1.771354344040857487e-13 7.046968368552043147e-15 1.972248037003004884e-01 1.648448202549961661e-01 3.092634473597473850e-15 1.972248037000607079e-01 -1.648448202552587893e-01 1.242338729705102948e-14
6.900000000000000000e+01 1.426277326799601042e+03 -2.317647383777985681e-01 2.262608126156709666e-13 -1.944555134765494013e-15 1.158924466804162889e-01 3.349523723486461657e-01 -4.070178151082148091e-15 1.158924466802107728e-01 -3.349523723489658544e-01 1.416424810018650102e-14
7.000000000000000000e+01 1.446948012695247371e+03 -8.293178238788473378e-02 1.905612588065432146e-13 8.886043436667591231e-14 4.149146330959643802e-02 4.843924965145171568e-01 7.424977998087308692e-15 4.149146330937949351e-02 -4.843924965147340944e-01 -3.797555650914643216e-16
7.100000000000000000e+01 1.467618698590893700e+03 2.730881935845981198e-02 9.169155313751765645e-14 7.945307014066834612e-14 -1.361788612805805466e-02 5.950524687570829530e-01 3.000584176233062383e-14 -1.361788612816081621e-02 -5.950524687570144522e-01 -2.953792622524176991e-14
7.200000000000000000e+01 1.488289384486540030e+03 7.940075065961592349e-02 -1.308336342853003674e-13 -4.145724026369161886e-14 -3.965731253292466285e-02 6.528010036878050260e-01 3.271718666328151745e-16 -3.965731253266205347e-02 -6.528010036877136546e-01 -8.473807561510146386e-15
7.300000000000000000e+01 1.508960070382186359e+03 6.336834787534641189e-02 -6.133329764645796924e-13 -1.248673075397764882e-14 -3.163888754037563061e-02 6.502816747912623097e-01 -3.626326256601531154e-14 -3.163888753997599890e-02 -6.502816747907370631e-01 3.224667696372456591e-14
7.400000000000000000e+01 1.529630756277832688e+03 -1.864804997118867103e-02 -7.654637146396342987e-13 1.186810511445987583e-13 9.367107006504967956e-03 5.884716025221036206e-01 1.039777139063122824e-14 9.367107006916015888e-03 -5.884716025214526969e-01 -7.441863404964206990e-15
7.500000000000000000e+01 1.550301442173479018e+03 -1.527970339535811850e-01 -5.299321184368322231e-13 7.800316590100828740e-14 7.643466890626668397e-02 4.764099638656520974e-01 -1.243281388982853187e-14 7.643466890660922941e-02 -4.764099638649327839e-01 1.082396157172014097e-14
7.600000000000000000e+01 1.570972128069125347e+03 -3.167823987912075645e-01 -5.188993645595676195e-13 1.241298239600664920e-14 1.584154097995917054e-01 3.291562578895575464e-01 -1.195559161702439811e-14 1.584154098001511746e-01 -3.291562578888381774e-01 3.388026272503828178e-15
7.700000000000000000e+01 1.591642813964771676e+03 -4.845689305293059412e-01 -2.837599765490263882e-13 -2.976309636546308291e-15 2.422917145223761615e-01 1.648289861352815466e-01 1.064923609733841424e-14 2.422917145225245983e-01 -1.648289861347448926e-01 -1.307976128350210926e-15
7.800000000000000000e+01 1.612313499860418005e+03 -6.309477410613845150e-01 -3.420478060172704197e-13 1.273705571059062410e-13 3.154595767246741178e-01 1.664591662821830829e-03 -6.966488705569673104e-15 3.154595767247654337e-01 -1.664591662730487013e-03 1.322762424054872947e-14
7.900000000000000000e+01 1.632984185756064335e+03 -7.348590342028138434e-01 2.965416963504914573e-14 -3.623726964038907696e-14 3.673899652687849793e-01 -1.442178190233878443e-01 7.427756458263670083e-16 3.673899652688991657e-01 1.442178190234449375e-01 1.791840058123261896e-14
8.000000000000000000e+01 1.653654871651710664e+03 -7.810608264491024633e-01 1.987409580222771654e-13 -8.973219868679036479e-14 3.904630697871714351e-01 -2.600694783885885153e-01 1.321645645744142120e-14 3.904630697870229983e-01 2.600694783881660754e-01 -9.453492676963039361e-15
8.100000000000000000e+01 1.674325557547356993e+03 -7.605489836768011269e-01 1.706193614724640601e-13 -1.063079588093077431e-13 3.801782413744686506e-01 -3.369841912802059025e-01 1.506107493800128827e-14 3.801782413743088340e-01 3.369841912800232153e-01 -8.158455093199984820e-15
8.200000000000000000e+01 1.694996243443003323e+03 -6.703452545741467317e-01 3.345887034345688098e-13 7.323186242287556514e-14 3.350479424569957621e-01 -3.699554264231734169e-01 2.541014849818527993e-14 3.350479424565504516e-01 3.699554264228651079e-01 -1.774488369130322805e-14
8.300000000000000000e+01 1.715666929338649652e+03 -5.131686057364460707e-01 6.920857404373806518e-13 6.324963679320309654e-14 2.564331551393619901e-01 -3.578464493317000117e-01 2.170676631216835121e-14 2.564331551388710495e-01 3.578464493309350125e-01 -1.463643200794710458e-14
8.400000000000000000e+01 1.736337615234295981e+03 -2.973551185380030604e-01 6.240268125056390003e-13 4.335587547487252599e-14 1.485027777848222930e-01 -3.035311807133871942e-01 1.375352193835354152e-14 1.485027777841943231e-01 3.035311807126906958e-01 2.348051817969536352e-15
8.500000000000000000e+01 1.757008301129942311e+03 -3.690907878312019164e-02 6.753989692722984594e-13 2.185387860595367711e-14 1.825871303255160658e-02 -2.141470860334988568e-01 9.092126275380682549e-15 1.825871303202638088e-02 2.141470860329051373e-01 -1.306182065771157012e-14
8.600000000000000000e+01 1.777678987025588640e+03 2.486031076106561821e-01 4.011025172738488070e-13 -1.838480057058342730e-14 -1.245167689341311335e-01 -1.012635221497373700e-01 3.086630882482693639e-14 -1.245167689342909917e-01 1.012635221492920734e-01 -2.839965811400294926e-14
8.700000000000000000e+01 1.798349672921234969e+03 5.348774681911904194e-01 2.686018445981448151e-13 4.357122652471741744e-14 -2.676719573335586966e-01 1.946462306420086025e-02 -8.622974558178840193e-15 -2.676719573336957536e-01 -1.946462306431504322e-02 7.772252347541306333e-15
8.800000000000000000e+01 1.819020358816881298e+03 7.949358791945553282e-01 2.894859662739310715e-13 5.505920324333156234e-15 -3.977164666414898520e-01 1.296119480277753422e-01 4.995150099039869411e-15 -3.977164666413756655e-01 -1.296119480277296843e-01 -1.179701254204413652e-14
8.900000000000000000e+01 1.839691044712527628e+03 1.002598241477458796e+00 -7.375553433514830991e-13 -3.085991623614166537e-14 -5.015580155729013612e-01 2.104972102393795619e-01 9.109888791031436843e-15 -5.015580155725245515e-01 -2.104972102389456867e-01 -1.860556175969226203e-14
9.000000000000000000e+01 1.860361730608173957e+03 1.136864516049424401e+00 -8.977282434751038593e-13 -7.400453281871640479e-14 -5.686950130373408241e-01 2.466125141489195205e-01 -8.207686383906947742e-15 -5.686950130369069489e-01 -2.466125141484171168e-01 -7.553945589402913957e-15
9.100000000000000000e+01 1.881032416503820286e+03 1.186002868247693298e+00 -1.213431541573427187e-12 3.798793279942053184e-14 -5.932615562546543764e-01 2.290658112733162111e-01 1.393233960000318106e-14 -5.932615562542319365e-01 -2.290658112728823359e-01 -3.299429667637952241e-14
9.200000000000000000e+01 1.901703102399466616e+03 1.149889978016124692e+00 -6.952266777555429481e-13 -1.950750917859283059e-14 -5.751975212491367007e-01 1.578239933940983608e-01 -1.096874993035743979e-14 -5.751975212483830813e-01 -1.578239933932534256e-01 -9.130351949979616812e-15
9.300000000000000000e+01 1.922373788295112945e+03 1.039655065360876707e+00 -4.613115518330057988e-14 1.724172598144934195e-14 -5.200700631096549786e-01 4.183190057741552337e-02 2.700954773259302452e-15 -5.200700631090954262e-01 -4.183190057689029073e-02 -2.827612291225439359e-14
9.400000000000000000e+01 1.943044474190759274e+03 8.747899073098722722e-01 -3.586316178114552831e-13 8.554872435611816840e-14 -4.376280326310274527e-01 -1.030371763831303134e-01 -1.688917145917847907e-14 -4.376280326307077639e-01 1.030371763834271731e-01 -1.245255958060720973e-14
9.500000000000000000e+01 1.963715160086405604e+03 6.789340138095215638e-01 -2.945471644155283269e-13 1.685004783512968295e-14 -3.396938564468970911e-01 -2.573315889589934402e-01 1.450626123940079126e-14 -3.396938564467943400e-01 2.573315889593131289e-01 -2.358321274433654626e-14
9.600000000000000000e+01 1.984385845982051933e+03 4.756931577782024245e-01 -3.521030688562749762e-14 1.096075515321276810e-13 -2.380719745047075175e-01 -4.015572530763324433e-01 -1.994915387652922702e-14 -2.380719745047646108e-01 4.015572530761954417e-01 1.328836694474820898e-14
9.700000000000000000e+01 2.005056531877698262e+03 2.856441803349637487e-01 -7.465605729260588109e-14 4.203875695058904059e-14 -1.430506453505936693e-01 -5.188508151724373629e-01 -1.053385855795443458e-14 -1.430506453507763565e-01 5.188508151721062944e-01 4.008972906116009027e-15
9.800000000000000000e+01 2.025727217773344591e+03 1.248070836830487973e-01 1.145367932948126282e-12 -4.429897213218572381e-14 -6.263803321509439637e-02 -5.964336790516938658e-01 1.278387148691699169e-14 -6.263803321534559820e-02 5.964336790511458597e-01 -6.777799772640089323e-15
9.900000000000000000e+01 2.046397903668990921e+03 4.176752210055797131e-03 4.558653725917016241e-13 3.375457848780075894e-14 -2.328698523647817088e-03 -6.261545972272549720e-01 3.801449182233005158e-14 -2.328698524115954769e-03 6.261545972268210969e-01 -4.234554774064758616e-14
1.000000000000000000e+02 2.067068589564637477e+03 -7.013752465796675717e-02 6.441789571396153721e-13 7.146230603766444213e-14 3.482586396417552965e-02 -6.044040525472239578e-01 9.619937389422805817e-15 3.482586396360462522e-02 6.044040525465388392e-01 -1.221683643636510465e-14
1.010000000000000000e+02 2.087739275460283807e+03 -9.676439078968004925e-02 7.820058182208776710e-13 -5.847560829771947800e-14 4.814278462711087114e-02 -5.319365299041945994e-01 3.727936955102738231e-14 4.814278462640295825e-02 5.319365299034524153e-01 -3.296979883069493956e-14
1.020000000000000000e+02 2.108409961355930136e+03 -7.910017893234792818e-02 4.139094435728383826e-13 -1.383409515726504823e-14 3.932225261118547227e-02 -4.137286215419256896e-01 2.591423289354150910e-14 3.932225261077442607e-02 4.137286215413091273e-01 -2.077375514537465947e-14
1.030000000000000000e+02 2.129080647251576465e+03 -2.565239480217760062e-02 2.620118486968556230e-13 6.030963785232599381e-15 1.261893091327480516e-02 -2.590156131666714323e-01 2.855719413962214326e-15 1.261893091298935642e-02 2.590156131659863692e-01 -6.488958643003879659e-16
1.040000000000000000e+02 2.149751333147222795e+03 4.982976543885976606e-02 1.218302612978857868e-13 9.749806473992820028e-14 -2.509291898059792109e-02 -8.107697270258236444e-02 2.008519827669380129e-14 -2.509291898095187753e-02 8.107697270204572426e-02 -3.411949398223222733e-14
1.050000000000000000e+02 2.170422019042869124e+03 1.288050847828981771e-01 -3.756093359297221317e-13 -1.189731421898660017e-14 -6.454418390791245852e-02 1.034391162869707226e-01 -1.486066486496619364e-15 -6.454418390794672278e-02 -1.034391162868565500e-01 -6.660024161699216386e-15
1.060000000000000000e+02 2.191092704938515453e+03 1.896258568753376172e-01 -3.644418949516626462e-13 2.521451128187762340e-16 -9.491346746532836054e-02 2.760570233042528576e-01 9.026764922134679181e-16 -9.491346746503150078e-02 -2.760570233038304178e-01 -8.483880924574169676e-15
1.070000000000000000e+02 2.211763390834161783e+03 2.106917233506274689e-01 -6.195606777392513342e-13 8.780984389167670956e-14 -1.054037476662872397e-01 4.189120556912065418e-01 -4.001555586489109983e-14 -1.054037476656706634e-01 -4.189120556905785442e-01 4.739730392588431362e-14
1.080000000000000000e+02 2.232434076729808112e+03 1.746796973470847447e-01 -9.361455649614918638e-13 7.564379884706675251e-14 -8.735693789659612629e-02 5.176900171398287620e-01 -1.421877612465268997e-14 -8.735693789587678504e-02 -5.176900171391665140e-01 9.672669231963855411e-15
1.090000000000000000e+02 2.253104762625454441e+03 7.271938764593265103e-02 -8.197813679748754720e-13 4.188237015987836690e-14 -3.634084290663420341e-02 5.642594236767957128e-01 -1.627001314660940849e-14 -3.634084290583494692e-02 -5.642594236763732729e-01 2.171462447317904496e-14
1.100000000000000000e+02 2.273775448521100770e+03 -9.299163452933793816e-02 -9.206764540199726107e-13 -8.546947219121445098e-14 4.654374783974363911e-02 5.580848728609422160e-01 -3.199438644717996294e-14 4.654374784044013752e-02 -5.580848728602799680e-01 3.397567610346692675e-14
1.110000000000000000e+02 2.294446134416747100e+03 -3.091627624576361311e-01 -5.540209674655876802e-13 -3.640023238133544783e-16 1.546507602162850437e-01 5.059355667095181142e-01 -1.894846202044432342e-15 1.546507602165933248e-01 -5.059355667090613684e-01 1.499329148872118394e-14
1.120000000000000000e+02 2.315116820312393429e+03 -5.540362421036519880e-01 -5.166266493244232323e-13 -1.700991856261847773e-13 2.771016451466813968e-01 4.200262292731699598e-01 -2.994411517421630023e-15 2.771016451467955277e-01 -4.200262292729415869e-01 9.724726947658975895e-15
1.130000000000000000e+02 2.335787506208039758e+03 -8.015982328448352234e-01 3.196356114030190935e-14 4.494167969390336686e-14 4.008905699043424642e-01 3.153450917767997574e-01 -1.177696355059919402e-14 4.008905699043081583e-01 -3.153450917767540718e-01 3.199881050268941507e-14
1.140000000000000000e+02 2.356458192103686088e+03 -1.025921000457159948e+00 6.104100008505998820e-14 -4.662114135186802800e-14 5.130550969687907026e-01 2.070417522264166033e-01 -3.951474121170920620e-14 5.130550969687907026e-01 -2.070417522263366672e-01 6.300828779614231886e-14
1.150000000000000000e+02 2.377128877999332417e+03 -1.204489289581012423e+00 5.000920826767449353e-14 -5.407292183854361242e-14 6.023389415165792959e-01 1.084947132637224393e-01 1.707081320280284687e-14 6.023389415163966643e-01 -1.084947132640193129e-01 2.077659484101585263e-14
1.160000000000000000e+02 2.397799563894978746e+03 -1.320120262454844262e+00 1.897217213518782960e-13 3.229605860432817834e-14 6.601516041034224402e-01 3.021639922790034932e-02 1.772070398464653457e-14 6.601516041030000004e-01 -3.021639922837990669e-02 1.707033494019708560e-14
1.170000000000000000e+02 2.418470249790625076e+03 -1.361592706640058825e+00 1.892225786691052599e-13 -8.456265070182262908e-15 6.808828228882406464e-01 -2.049396693148607812e-02 1.928948876434575231e-14 6.808828228878524014e-01 2.049396693130339092e-02 1.730674382242615135e-14
1.180000000000000000e+02 2.439140935686271405e+03 -1.323754226902006392e+00 5.131891823264489348e-13 -2.345760622766636214e-14 6.619561835300076247e-01 -3.962888588672290602e-02 1.391901854732835430e-14 6.619561835295965091e-01 3.962888588641461790e-02 4.574524969347604856e-15
1.190000000000000000e+02 2.459811621581917734e+03 -1.207287709593214631e+00 5.074592188587180018e-13 2.566926515175879771e-14 6.037124382361415131e-01 -2.636717437726877888e-02 2.252434968699240086e-14 6.037124382358903807e-01 2.636717437698333014e-02 1.652204217487065300e-14
1.200000000000000000e+02 2.480482307477564063e+03 -1.018794137876797956e+00 3.885403141599599989e-13 -3.787885061848423264e-14 5.094510197669089857e-01 1.682351919110686850e-02 1.116096804307348330e-14 5.094510197664523510e-01 -1.682351919138089930e-02 1.516449078511825999e-14
1.210000000000000000e+02 2.501152993373210393e+03 -7.708723933531648198e-01 4.845694403309419415e-13 7.623812096735562960e-16 3.854700844333406873e-01 8.404315529070549573e-02 2.791561588443248928e-14 3.854700844329981280e-01 -8.404315529117362127e-02 -5.121578645425028136e-15
1.220000000000000000e+02 2.521823679268856722e+03 -4.820642698428247996e-01 2.262950797086612805e-13 7.200994299553241391e-14 2.410392207240189821e-01 1.658416375849824653e-01 7.033103585720581821e-15 2.410392207240532325e-01 -1.658416375849253721e-01 1.315089971286592854e-14
1.230000000000000000e+02 2.542494365164503051e+03 -1.760561721651101030e-01 1.585373316997965967e-13 -9.665003886726646875e-15 8.800061699614562805e-02 2.494924962875161578e-01 -2.139568941242131121e-14 8.800061699621412881e-02 -2.494924962876303443e-01 3.289189663118839696e-14
1.240000000000000000e+02 2.563165051060149381e+03 1.203541620101667570e-01 -2.048085584925838407e-13 2.641721469920026772e-14 -6.024690011367851705e-02 3.200079526595441815e-01 -1.157325542524798461e-14 -6.024690011330172124e-02 -3.200079526593614943e-01 4.631271444530515499e-15
1.250000000000000000e+02 2.583835736955795710e+03 3.806950050872860980e-01 -3.981253338206474476e-13 8.221660271046457279e-14 -1.904653496550036684e-01 3.621089071012906224e-01 -2.308594076723558807e-14 -1.904653496543985136e-01 -3.621089071008453675e-01 8.548418844012786712e-15
1.260000000000000000e+02 2.604506422851442039e+03 5.831686809887859368e-01 -4.228415700351252384e-13 8.151871299759897319e-14 -2.917507476618700912e-01 3.629816104478736372e-01 -9.013504974455574079e-15 -2.917507476615275319e-01 -3.629816104477137650e-01 -1.131544212493837609e-14
1.270000000000000000e+02 2.625177108747088369e+03 7.147291904685785235e-01 -4.001280135590728983e-13 -5.672635257918366031e-14 -3.575728607206534182e-01 3.151654787163707394e-01 2.455590158711750484e-14 -3.575728607202880438e-01 -3.151654787161194959e-01 -3.808993904614001682e-14
1.280000000000000000e+02 2.645847794642734698e+03 7.734506912639694809e-01 -3.346268329610999862e-13 -1.740285637095366855e-14 -3.869622267570333451e-01 2.185974500104483076e-01 -3.769091186573963026e-14 -3.869622267566679708e-01 -2.185974500100600904e-01 1.169127540195314009e-14
1.290000000000000000e+02 2.666518480538381027e+03 7.682682486997993720e-01 -3.265315961009837011e-13 1.199657078072790423e-13 -3.843831947852088815e-01 8.100855913114826667e-02 -7.773574034863529312e-15 -3.843831947847521913e-01 -8.100855913073722048e-02 -2.008228646240534401e-14
1.300000000000000000e+02 2.687189166434027356e+03 7.162215568772206664e-01 -4.756503547609115226e-13 1.100279413428708043e-13 -3.583565948156933190e-01 -8.352058240860271709e-02 -1.402820798475267750e-14 -3.583565948154078806e-01 8.352058240885391893e-02 -5.933155441662169753e-15
1.310000000000000000e+02 2.707859852329673686e+03 6.383198690909902551e-01 -9.128108220806676953e-14 9.035693976124753754e-14 -3.193911220178682897e-01 -2.572882909759497405e-01 2.961895889223102781e-15 -3.193911220178340393e-01 2.572882909760867420e-01 -2.734211818608224122e-14
1.320000000000000000e+02 2.728530538225320015e+03 5.554719828814915772e-01 1.646867049746842323e-14 1.177790115930493045e-14 -2.779464289819026934e-01 -4.220191938941382226e-01 -7.837984356216681096e-15 -2.779464289819026934e-01 4.220191938941382226e-01 -9.441441234933766069e-15
1.330000000000000000e+02 2.749201224120966344e+03 4.855282573881895547e-01 -4.366826072208617973e-13 4.572230728105947899e-14 -2.429525119022154511e-01 -5.613726257098160533e-01 2.707185614076628566e-15 -2.429525119025123248e-01 5.613726257092908067e-01 -3.464103519004622352e-14
1.340000000000000000e+02 2.769871910016612674e+03 4.417463429242614592e-01 1.234187675770671096e-12 1.516736268926647918e-13 -2.210417962037203032e-01 -6.625117758029906989e-01 -2.823273745794728786e-15 -2.210417962038801476e-01 6.625117758026938253e-01 -1.689187364190859357e-14
1.350000000000000000e+02 2.790542595912259003e+03 4.323899326913426822e-01 7.950117611260482262e-13 9.923426015893782103e-15 -2.163485271445643732e-01 -7.168018988682436365e-01 2.997136826256389936e-14 -2.163485271447470604e-01 7.168018988677183900e-01 -3.500117736985223392e-14
1.360000000000000000e+02 2.811213281807905332e+03 4.608740876133291531e-01 -1.102082768053856700e-12 6.494804661673566059e-14 -2.305818231748121006e-01 -7.200088005201246144e-01 2.722956232560658062e-14 -2.305818231753830050e-01 7.200088005195994789e-01 -3.291217781096259281e-14
1.370000000000000000e+02 2.831883967703551662e+03 5.260405354131860722e-01 -1.017085509950870373e-12 -5.392501704839145237e-14 -2.631636851868148774e-01 -6.722606190415076899e-01 2.482699089404388775e-15 -2.631636851871345661e-01 6.722606190408683124e-01 -1.466334613108642183e-14
1.380000000000000000e+02 2.852554653599197991e+03 6.221258748840596819e-01 1.093940244501029126e-12 8.997704352654779890e-14 -3.112131886982562046e-01 -5.781473921085811263e-01 -1.580250312764993695e-15 -3.112131886984959572e-01 5.781473921081244915e-01 -2.935137953194490045e-14
1.390000000000000000e+02 2.873225339494844320e+03 7.385880505616095881e-01 -9.587266043178875953e-13 4.513864545115994105e-14 -3.694594235738425936e-01 -4.467813923900890161e-01 -1.302151756971617324e-14 -3.694594235741851529e-01 4.467813923896094552e-01 -3.200503182368362287e-14
1.400000000000000000e+02 2.893896025390490649e+03 8.600382048586618922e-01 -2.944746122252603134e-13 5.399667482725788575e-14 -4.302067770011137604e-01 -2.916074914348280034e-01 -6.437226826444011129e-15 -4.302067770012051318e-01 2.916074914347138725e-01 -2.837233637242339384e-14
1.410000000000000000e+02 2.914566711286136979e+03 9.667467491766201793e-01 9.066273222969446225e-14 1.831756104224051549e-13 -4.835873031665924304e-01 -1.296355531877609324e-01 -4.074101519586603318e-14 -4.835873031665924304e-01 1.296355531874640588e-01 8.667818492333538298e-16
1.420000000000000000e+02 2.935237397181783308e+03 1.036404680054197947e+00 5.403710673073454742e-13 -1.875973564903152080e-14 -5.184412019337252264e-01 2.039551920249799144e-02 -7.290808748207355468e-14 -5.184412019337137911e-01 -2.039551920258933504e-02 2.658605261864115958e-14
1.430000000000000000e+02 2.955908083077429637e+03 1.047263384059444746e+00 -6.812692301064404177e-13 -8.581872112529356957e-14 -5.238873999882749377e-01 1.408218674621918853e-01 -7.773461256988229714e-15 -5.238873999880351295e-01 -1.408218674621233846e-01 -3.257408972692382822e-14
1.440000000000000000e+02 2.976578768973075967e+03 9.823434474620797996e-01 -5.036391858669740148e-13 1.497071192367065324e-13 -4.914295764122821875e-01 2.183811147927354479e-01 -2.588942594536507442e-14 -4.914295764118483123e-01 -2.183811147924157314e-01 -2.715184826132766389e-14
1.450000000000000000e+02 2.997249454868722296e+03 8.335640785176485767e-01 -5.592276347613787992e-14 9.991461187368440163e-14 -4.170232484794966221e-01 2.470294404551326151e-01 -3.247364752555242498e-14 -4.170232484792339989e-01 -2.470294404547443978e-01 -8.850973782846146683e-15
1.460000000000000000e+02 3.017920140764368625e+03 6.043297250465790027e-01 -2.212195397191301995e-13 3.366486835564640860e-14 -3.023713912155669425e-01 2.291912570866907195e-01 1.661559408462680561e-14 -3.023713912153614403e-01 -2.291912570862111587e-01 -3.666467908211387131e-14
1.470000000000000000e+02 3.038590826660014955e+03 3.095104757784531979e-01 -3.498670238248693280e-13 -3.953251438272976316e-14 -1.549149566765720687e-01 1.749156333390780305e-01 -5.080837750027923658e-15 -1.549149566761267582e-01 -1.749156333387583140e-01 -1.187618506496122622e-14
1.480000000000000000e+02 3.059261512555661284e+03 -2.720355513256522695e-02 -2.643633341902813934e-13 1.169687935501660491e-13 1.349307706971685124e-02 9.929280541708880581e-02 2.707319765506695323e-14 1.349307706984244869e-02 -9.929280541680335359e-02 -3.412721049928588775e-14
1.490000000000000000e+02 3.079932198451307613e+03 -3.775573383101415992e-01 1.098975153663230135e-13 -4.226776310523717318e-14 1.887193526556513734e-01 1.913587480078897396e-02 -3.971551789689184001e-14 1.887193526558569034e-01 -1.913587480061770471e-02 4.632378930789211261e-14
1.500000000000000000e+02 3.100602884346953942e+03 -7.131304655138951398e-01 -2.483240896522529328e-14 -7.493299539830757096e-14 3.565507017716330052e-01 -4.997051134608274797e-02 -2.397702529750993994e-14 3.565507017717585714e-01 4.997051134616267015e-02 6.066078538399953525e-14
1.510000000000000000e+02 3.121273570242600272e+03 -1.008740885777797081e+00 3.278242891565505090e-13 3.842691561002042680e-14 5.043943669524447726e-01 -9.560448989851504098e-02 -2.002681894654441145e-14 5.043943669523192064e-01 9.560448989833235378e-02 6.427321396256034813e-14
1.520000000000000000e+02 3.141944256138246601e+03 -1.244414229093983915e+00 3.851519559514569643e-13 -3.851511916597106916e-14 6.222620921350264789e-01 -1.093409229419069206e-01 1.727432937172533042e-14 6.222620921349236722e-01 1.093409229419183420e-01 3.993805209137547071e-14
1.530000000000000000e+02 3.162614942033892930e+03 -1.406138046984363177e+00 2.693516449774077394e-13 -9.378354276587178057e-14 7.031477538684289819e-01 -8.680407992434079067e-02 3.372925522785797306e-14 7.031477538680636075e-01 8.680407992404393092e-02 3.928664324180821508e-14
1.540000000000000000e+02 3.183285627929539260e+03 -1.485945456192241609e+00 3.814048578803904022e-13 -5.423010943001384655e-14 7.430691445758936808e-01 -2.737602409305645024e-02 3.269988793112351002e-14 7.430691445753913049e-01 2.737602409269107584e-02 3.683933063702159382e-14
1.550000000000000000e+02 3.203956313825185589e+03 -1.481867039874822378e+00 1.726153474451381907e-13 -6.269944673018959073e-15 7.410432243043558742e-01 6.609097003219012445e-02 2.822106306874528649e-14 7.410432243037963218e-01 -6.609097003240706203e-02 4.322794605956385122e-14
1.560000000000000000e+02 3.224626999720831918e+03 -1.398047887565166958e+00 1.727712515145888502e-13 -1.079748223368797387e-13 6.991439391476933496e-01 1.874069009315812162e-01 1.476452023012571002e-14 6.991439391474421061e-01 -1.874069009320265267e-01 4.490038211420135853e-14
1.570000000000000000e+02 3.245297685616478248e+03 -1.245081026763870780e+00 2.550202885677729117e-13 1.694895241829399894e-14 6.226685328005011621e-01 3.270292671362709513e-01 -2.642812214519233888e-15 6.226685328003412900e-01 -3.270292671367162618e-01 8.269489432661889779e-14
1.580000000000000000e+02 3.265968371512124577e+03 -1.040127740947115687e+00 -2.496789438764434333e-14 9.338381043753343140e-14 5.201975920154189303e-01 4.721614964173065365e-01 -1.037620295271245358e-14 5.201975920153276700e-01 -4.721614964173636020e-01 7.560667573579999224e-14
1.590000000000000000e+02 3.286639057407770906e+03 -8.063524269371754594e-01 -1.782193133860222184e-13 9.713650904537744444e-14 4.033126009408817270e-01 6.072339058269536904e-01 -1.753999804834976826e-14 4.033126009411214796e-01 -6.072339058269651257e-01 4.353133096713416645e-14
1.600000000000000000e+02 3.307309743303417235e+03 -5.709142231228251374e-01 -4.238423903215754759e-14 4.799323490485809001e-14 2.855920141024079206e-01 7.151578341556827922e-01 1.228847595605185410e-14 2.855920141027276649e-01 -7.151578341555800966e-01 2.702415783373071778e-14
1.610000000000000000e+02 3.327980429199063565e+03 -3.613220275918255786e-01 -2.576443925495162835e-13 1.772312980751919235e-14 1.807889556026324729e-01 7.794505740871815469e-01 1.650426540767450698e-14 1.807889556032376277e-01 -7.794505740868503674e-01 9.109090649938421275e-15
1.620000000000000000e+02 3.348651115094709894e+03 -2.005477032393570558e-01 -4.965343532501732620e-13 7.479573429912297152e-14 1.003878256784314776e-01 7.870649015308998075e-01 -1.051463847539055032e-14 1.003878256790823043e-01 -7.870649015303631257e-01 1.983659922190474002e-14
1.630000000000000000e+02 3.369321800990356223e+03 -1.022417668814494807e-01 -4.638942041649357255e-13 1.914515273936742226e-13 5.121213823013760769e-02 7.312064531484183671e-01 -1.134710142882103344e-15 5.121213823089119932e-02 -7.312064531479617324e-01 7.840573995514051340e-15
1.640000000000000000e+02 3.389992486886002553e+03 -6.777107628838299758e-02 -8.121047001432786782e-13 -1.857776066885579670e-13 3.394369874295795342e-02 6.132279181561028913e-01 -2.008546468032363367e-14 3.394369874365445183e-02 -6.132279181556232750e-01 3.433057203880629733e-14
1.650000000000000000e+02 3.410663172781648882e+03 -8.631996906627006916e-02 -5.077312508359354924e-13 -7.035218978184822366e-14 4.317401934534972896e-02 4.428294769913840301e-01 3.730819040085972431e-14 4.317401934595488378e-02 -4.428294769906875317e-01 -2.755846700217781743e-14
1.660000000000000000e+02 3.431333858677295211e+03 -1.380330721356177182e-01 -4.495956874962592668e-13 3.622762598455234795e-14 6.897683318207592507e-02 2.364170742897329647e-01 -7.176627562362192379e-15 6.897683318274958064e-02 -2.364170742893675903e-01 9.762196731097933202e-15
1.670000000000000000e+02 3.452004544572941541e+03 -1.988986587763679481e-01 -5.524760631895531204e-13 6.775639668088447569e-14 9.935056023896142452e-02 1.419233827885260125e-02 -1.322316738907905098e-14 9.935056023926970570e-02 -1.419233827860140462e-02 1.979121166176914649e-14
1.680000000000000000e+02 3.472675230468587870e+03 -2.456082084139884769e-01 -6.488336874429883091e-14 6.450750739161299036e-14 1.226479169055465362e-01 -2.030590465752113161e-01 1.115116921496074141e-16 1.226479169056036156e-01 2.030590465754054108e-01 9.405692935524748169e-15
1.690000000000000000e+02 3.493345916364234199e+03 -2.590417253225274496e-01 3.965477859555654028e-14 -8.331004151495903294e-14 1.293171304872529070e-01 -3.965945354385813637e-01 1.732555891915576899e-14 1.293171304870131266e-01 3.965945354384899924e-01 -4.590226697449972657e-15
1.700000000000000000e+02 3.514016602259880528e+03 -2.259573967083320090e-01 3.493906339268089178e-13 -2.178288109069753612e-14 1.127443935760311794e-01 -5.513302045717570765e-01 8.644330737786000195e-16 1.127443935755402110e-01 5.513302045716086397e-01 4.859109824933773765e-15
1.710000000000000000e+02 3.534687288155526858e+03 -1.392401608308624361e-01 6.091699269054615082e-13 -5.063985029457549365e-14 6.937582310546809572e-02 -6.565140327856641145e-01 2.526776291209753665e-14 6.937582310479444014e-02 6.565140327851846092e-01 -1.272753202439231834e-14
1.720000000000000000e+02 3.555357974051173187e+03 2.591180559829061800e-03 1.091142909001731615e-12 2.056136627220889706e-15 -1.530171098857355120e-03 -7.058373740151333564e-01 2.756093526360035821e-14 -1.530171099679450549e-03 7.058373740146537401e-01 -2.321186753504028741e-14
1.730000000000000000e+02 3.576028659946819516e+03 1.959683121340490275e-01 1.154952741302072886e-12 8.285143157891797894e-14 -9.819459136189705173e-02 -6.974240615092353046e-01 1.469214416709842344e-14 -9.819459136236519115e-02 6.974240615084588146e-01 -2.438673620384682798e-14
1.740000000000000000e+02 3.596699345842465846e+03 4.325605964100725509e-01 6.754066339368174513e-13 3.703344595821066688e-14 -2.164596621443539426e-01 -6.340005913558074413e-01 6.522043731725426441e-15 -2.164596621449590974e-01 6.340005913551909345e-01 -3.180290653493838892e-14
1.750000000000000000e+02 3.617370031738112175e+03 6.992136645223293590e-01 6.611727630421451779e-13 7.268134520664565148e-14 -3.497557299049288693e-01 -5.232910320690924433e-01 -7.462966224319663230e-15 -3.497557299052371782e-01 5.232910320687499395e-01 -3.918307955945768432e-14
1.760000000000000000e+02 3.638040717633758504e+03 9.777993009274145164e-01 1.020063736211540518e-12 1.463773965465332532e-13 -4.890241354182205402e-01 -3.783907206575533033e-01 -7.314037784987918227e-15 -4.890241354183233469e-01 3.783907206572792448e-01 -4.209453382542480849e-14
1.770000000000000000e+02 3.658711403529404834e+03 1.245508884725883503e+00 7.452230009038465272e-13 1.209874233153488136e-13 -6.228630892728285184e-01 -2.175972824573519926e-01 -4.570129884321307142e-14 -6.228630892727828883e-01 2.175972824570323039e-01 -4.787760446683707560e-14
1.780000000000000000e+02 3.679382089425051163e+03 1.476226121178861650e+00 -3.819867408095582196e-13 9.730416036876958502e-14 -7.382146623253281748e-01 -6.306884255705860753e-02 -4.594009283058465488e-14 -7.382146623250198658e-01 6.306884255708143650e-02 -5.471951670554731521e-14
1.790000000000000000e+02 3.700052775320697492e+03 1.643410534897759678e+00 -1.126516507649847215e-14 1.215992877953399046e-13 -8.218078696605641831e-01 6.208857571581123669e-02 -7.929623209069980356e-14 -8.218078696599362409e-01 -6.208857571537735459e-02 -3.533101409758695953e-14
1.800000000000000000e+02 3.720723461216343821e+03 1.724344857049930013e+00 -1.735993296552250061e-12 1.393931133420198351e-13 -8.622832721552127211e-01 1.380943432689684669e-01 -7.952905160495825912e-14 -8.622832721547902812e-01 -1.380943432686030647e-01 -5.185645407388511671e-14
1.810000000000000000e+02 3.741394147111990151e+03 1.704688745385116722e+00 4.658084943021211982e-13 1.882765832877147600e-13 -8.524698479773907822e-01 1.529147318517374565e-01 -4.084724787870754375e-14 -8.524698479768313408e-01 -1.529147318516689280e-01 -6.964738339966448434e-14
1.820000000000000000e+02 3.762064833007636480e+03 1.581878931118066989e+00 -7.348833742869304517e-13 1.166010014702085505e-13 -7.910846599724240535e-01 1.053733720933573842e-01 -3.695450815105856986e-14 -7.910846599717276106e-01 -1.053733720930376816e-01 -6.766726095799856958e-14
1.830000000000000000e+02 3.782735518903282809e+03 1.365898945795180230e+00 -7.961330737677713157e-13 1.524581109904917464e-13 -6.831176145878528061e-01 5.434075574936365893e-03 -2.784699655469493932e-14 -6.831176145872248640e-01 -5.434075574959201793e-03 -8.138935390555815023e-14
1.840000000000000000e+02 3.803406204798929139e+03 1.077209221292560137e+00 6.181673182317238354e-13 1.328433694790804890e-13 -5.387967986202817361e-01 -1.283103460123157236e-01 -2.204542196099518159e-14 -5.387967986199962978e-01 1.283103460122472228e-01 -6.107242207898627403e-14
1.850000000000000000e+02 3.824076890694575468e+03 7.426086038801226197e-01 1.231820633992558980e-12 7.786449846210211561e-14 -3.715192328122517984e-01 -2.730246934308380169e-01 -3.781629327632680016e-14 -3.715192328124002352e-01 2.730246934305183282e-01 -1.554389754109384839e-14
1.860000000000000000e+02 3.844747576590221797e+03 3.906786368844748503e-01 4.053567104992028944e-13 9.833336422476604447e-14 -1.955722809612416846e-01 -4.060817972334144210e-01 -1.360178220449917461e-14 -1.955722809618582747e-01 4.060817972328435443e-01 -2.778370519409906609e-14
1.870000000000000000e+02 3.865418262485868127e+03 4.809308093263650608e-02 7.189734517911100609e-13 -2.032095993029483951e-14 -2.428770260099685080e-02 -5.083561178716046181e-01 4.015311651418603064e-14 -2.428770260188745436e-02 5.083561178710450656e-01 -3.788318774204118922e-14
1.880000000000000000e+02 3.886088948381514456e+03 -2.626040971645013933e-01 5.443210265138969633e-13 4.010077323810559828e-14 1.310685201219697060e-01 -5.658850495241275480e-01 5.361508805007287382e-14 1.310685201211019557e-01 5.658850495234767353e-01 -3.173772478310269255e-14
1.890000000000000000e+02 3.906759634277160785e+03 -5.239084739025510196e-01 5.734201307473645583e-13 -1.540537786339060292e-13 2.617481391834020621e-01 -5.701967114358580391e-01 6.093207873010078025e-14 2.617481391825000614e-01 5.701967114351729204e-01 5.128612337022082328e-16
1.900000000000000000e+02 3.927430320172807114e+03 -7.235035712310935452e-01 6.692125660897762464e-13 -6.827530401108886015e-14 3.615918869988396511e-01 -5.179302319178096248e-01 4.340176140970483978e-14 3.615918869980517814e-01 5.179302319171130708e-01 1.258693691425510698e-14
1.910000000000000000e+02 3.948101006068453444e+03 -8.542456960330300220e-01 3.865004268657275932e-13 -4.006612079728092680e-14 4.270216589462598744e-01 -4.103345949349503363e-01 5.243132657261495693e-14 4.270216589454491896e-01 4.103345949343908394e-01 8.979271385670643209e-15
1.920000000000000000e+02 3.968771691964099773e+03 -9.143831942010652858e-01 9.988784899301904169e-14 -1.663759665509573701e-13 4.571526180323280397e-01 -2.529702538191760941e-01 4.457791063489929649e-14 4.571526180318028487e-01 2.529702538187992844e-01 3.150024513704653152e-14
1.930000000000000000e+02 3.989442377859746102e+03 -9.081337933163927678e-01 -6.456940901592726136e-14 -7.857154558144564691e-15 4.540852727638859387e-01 -5.566868445579174068e-02 3.675939345238941522e-14 4.540852727639201891e-01 5.566868445610002880e-02 3.568126298717035649e-14
1.940000000000000000e+02 4.010113063755392432e+03 -8.463800718529933542e-01 -5.198051256388844334e-13 -5.638649323858356585e-14 4.232556806641607494e-01 1.674696964430809343e-01 3.276745320738000816e-14 4.232556806642406855e-01 -1.674696964427840606e-01 4.309527543664518841e-14
1.950000000000000000e+02 4.030783749651038761e+03 -7.469189538799404504e-01 -3.295561128629883894e-13 -1.682710015685132560e-14 3.735607110365846140e-01 3.984194768081491533e-01 -4.217600580688785020e-14 3.735607110373153628e-01 -3.984194768076695925e-01 1.113325744157219546e-13
1.960000000000000000e+02 4.051454435546685090e+03 -6.335045196113994193e-01 -4.424464107920360141e-13 -9.274819474976663051e-14 3.168784308529244975e-01 6.163296763924227539e-01 -1.149904288464910309e-14 3.168784308536781169e-01 -6.163296763917376353e-01 6.945934827659232167e-14
1.970000000000000000e+02 4.072125121442331420e+03 -5.330591423867092615e-01 -7.694217044272920132e-13 1.154774092728266054e-15 2.666721806269048423e-01 7.996285827023589254e-01 1.165895178975388361e-14 2.666721806278297136e-01 -7.996285827016624825e-01 4.156460446420757202e-14
1.980000000000000000e+02 4.092795807337977749e+03 -4.710471544027242663e-01 -7.137028614774037381e-13 -1.054479170829933777e-13 2.356762563836266033e-01 9.290063117259170777e-01 -1.490632460728612321e-14 2.356762563846542258e-01 -9.290063117254147018e-01 5.592806003977613100e-14
1.990000000000000000e+02 4.113466493233624533e+03 -4.659259141127600756e-01 -4.433538294381654920e-13 3.965899977378046775e-14 2.331208844644907796e-01 9.906888984114216035e-01 -8.581557741692950891e-15 2.331208844654727164e-01 -9.906888984107707907e-01 5.888832463649119790e-14
2.000000000000000000e+02 4.134137179129271317e+03 -5.245779166039952202e-01 -5.935309891579152754e-13 2.446677036483317694e-14 2.624481756155546686e-01 9.789870633186420479e-01 -1.467492660345960810e-14 2.624481756166964774e-01 -9.789870633181053661e-01 7.000772758823691184e-14
