# Step, Time, then (qa, pa, Ea) per photon mode (all in a.u.)
0.000000000000000000e+00 0.000000000000000000e+00 0.000000000000000000e+00 0.000000000000000000e+00 7.743741377807972226e-02
1.000000000000000000e+00 2.067068589564640035e+01 -1.193992149994123342e-01 -1.148908767623535963e-02 7.658708350189673275e-02
2.000000000000000000e+00 4.134137179129280071e+01 -4.749746451660061819e-01 -2.272575784495139972e-02 7.405346539193012612e-02
3.000000000000000000e+00 6.201205768693920106e+01 -1.058913219306437004e+00 -3.346275467308595236e-02 6.988838494061219708e-02
4.000000000000000000e+00 8.268274358258560142e+01 -1.858370827266873082e+00 -4.346312526774422785e-02 6.417813947470260572e-02
5.000000000000000000e+00 1.033534294782320018e+02 -2.855738440211783580e+00 -5.250531520231953991e-02 5.704286590275647190e-02
6.000000000000000000e+00 1.240241153738784021e+02 -4.029012584064982860e+00 -6.038810586973884786e-02 4.863505247747716698e-02
7.000000000000000000e+00 1.446948012695248167e+02 -5.352265576744608566e+00 -6.693524673852629947e-02 3.913693685306344344e-02
8.000000000000000000e+00 1.653654871651712028e+02 -6.796207505424318285e+00 -7.199961640096912141e-02 2.875679094145847797e-02
9.000000000000000000e+00 1.860361730608175890e+02 -8.328828487207536213e+00 -7.546676143610944743e-02 1.772429494483530876e-02
1.000000000000000000e+01 2.067068589564639751e+02 -9.916106947839317343e+00 -7.725769513612493200e-02 6.285240936523828204e-03
1.100000000000000000e+01 2.273775448521103613e+02 -1.152276758556843106e+01 -7.733089888517959143e-02 -5.303860084981112943e-03
1.200000000000000000e+01 2.480482307477567474e+02 -1.311307238960639587e+01 -7.568347342455024329e-02 -1.678178200690799704e-02
1.300000000000000000e+01 2.687189166434031335e+02 -1.465162619886918982e+01 -7.235142509656587728e-02 -2.788817639996746256e-02
1.400000000000000000e+01 2.893896025390495197e+02 -1.610417955415339719e+01 -6.740908826470819182e-02 -3.836956027740015540e-02
1.500000000000000000e+01 3.100602884346959058e+02 -1.743841037893256285e+01 -6.096764743724437940e-02 -4.798539785047836737e-02
1.600000000000000000e+01 3.307309743303422920e+02 -1.862466573409697546e+01 -5.317274071323724316e-02 -5.651433470817435190e-02
1.700000000000000000e+01 3.514016602259886781e+02 -1.963664442192051496e+01 -4.420113765312250198e-02 -6.376037204577936213e-02
1.800000000000000000e+01 3.720723461216350643e+02 -2.045200139941282558e+01 -3.425653494693505635e-02 -6.955851937828823328e-02
1.900000000000000000e+01 3.927430320172814504e+02 -2.105285656944317196e+01 -2.356457921381431564e-02 -7.377950302535839222e-02
2.000000000000000000e+01 4.134137179129278366e+02 -2.142619342979649133e+01 -1.236726794532170930e-02 -7.633339432717624329e-02
2.100000000000000000e+01 4.340844038085742227e+02 -2.156413639161325335e+01 -9.170340587918400510e-04 -7.717022300171509641e-02
2.200000000000000000e+01 4.547550897042206088e+02 -2.146410487576628512e+01 1.052927870657217012e-02 -7.628082716663531215e-02
2.300000000000000000e+01 4.754257755998669950e+02 -2.112884156591071161e+01 2.171638316679368533e-02 -7.369523612586861838e-02
2.400000000000000000e+01 4.960964614955133811e+02 -2.056631980530569592e+01 3.239625569974059760e-02 -6.948079701590149926e-02
2.500000000000000000e+01 5.167671473911598241e+02 -1.978953591438195048e+01 4.233351971398160302e-02 -6.373971076191009555e-02
2.600000000000000000e+01 5.374378332868062671e+02 -1.881619402757596049e+01 5.131047112104684949e-02 -5.660669676355352398e-02
2.700000000000000000e+01 5.581085191824527101e+02 -1.766829065098036011e+01 5.913166213535604732e-02 -4.824540708115956922e-02
2.800000000000000000e+01 5.787792050780991531e+02 -1.637160999860109456e+01 6.562797846452811390e-02 -3.884522056215691799e-02
2.900000000000000000e+01 5.994498909737455961e+02 -1.495513999336734479e+01 7.066013436853914309e-02 -2.861664457383393534e-02
3.000000000000000000e+01 6.201205768693920390e+02 -1.345042311284861114e+01 7.412152213208740570e-02 -1.778725843356976366e-02
3.100000000000000000e+01 6.407912627650384820e+02 -1.189085458916818183e+01 7.594032451240873005e-02 -6.595889312797670323e-03
3.200000000000000000e+01 6.614619486606849250e+02 -1.031094592322969561e+01 7.608080700764770221e-02 4.712559120220644049e-03
3.300000000000000000e+01 6.821326345563313680e+02 -8.745569660483424101e+00 7.454383328432082068e-02 1.589234979327157349e-02
3.400000000000000000e+01 7.028033204519778110e+02 -7.229201596674442065e+00 7.136662635520986397e-02 2.670178072442010858e-02
3.500000000000000000e+01 7.234740063476242540e+02 -5.795175426842417821e+00 6.662183235673334314e-02 3.690766598770234969e-02
3.600000000000000000e+01 7.441446922432706970e+02 -4.474963655797548512e+00 6.041598301340338900e-02 4.628891604193999948e-02
3.700000000000000000e+01 7.648153781389171399e+02 -3.297495810948877448e+00 5.288736892230087860e-02 5.464085604044827127e-02
3.800000000000000000e+01 7.854860640345635829e+02 -2.288527274117443167e+00 4.420331004339546344e-02 6.177898867357528578e-02
3.900000000000000000e+01 8.061567499302100259e+02 -1.470070336039078551e+00 3.455683323637261800e-02 6.754318055296312795e-02
4.000000000000000000e+01 8.268274358258564689e+02 -8.599003833628586779e-01 2.416270433818135110e-02 7.180212895482979141e-02
4.100000000000000000e+01 8.474981217215029119e+02 -4.711509925112398189e-01 1.325282819475295457e-02 7.445736838142708036e-02
4.200000000000000000e+01 8.681688076171493549e+02 -3.120102856774490396e-01 2.071100762776865306e-03 7.544660963366402184e-02
4.300000000000000000e+01 8.888394935127957979e+02 -3.855288458600513724e-01 -9.132153448030090950e-03 7.474595972835705593e-02
4.400000000000000000e+01 9.095101794084422409e+02 -6.895460366275976138e-01 -2.010598093985662554e-02 7.237087933641440929e-02
4.500000000000000000e+01 9.301808653040886838e+02 -1.216737679123310656e+00 -3.060465198287209976e-02 6.837593843338134192e-02
4.600000000000000000e+01 9.508515511997351268e+02 -1.954784332794639479e+00 -4.039339103889769134e-02 6.285342064165042042e-02
4.700000000000000000e+01 9.715222370953815698e+02 -2.886655875973455299e+00 -4.925386836163531123e-02 5.593151718401995903e-02
4.800000000000000000e+01 9.921929229910280128e+02 -3.991006816892398668e+00 -5.698930398934778235e-02 4.777093660301867661e-02
4.900000000000000000e+01 1.012863608886674456e+03 -5.242671880324087930e+00 -6.342908815078687756e-02 3.856181200232778467e-02
5.000000000000000000e+01 1.033534294782320785e+03 -6.613252332516763587e+00 -6.843282569776461266e-02 2.851907221690753308e-02
5.100000000000000000e+01 1.054204980677967114e+03 -8.071778770224110389e+00 -7.189367104917515627e-02 1.787755912896968336e-02
5.200000000000000000e+01 1.074875666573613444e+03 -9.585435316801616423e+00 -7.374079087458822179e-02 6.885216692961215745e-03
5.300000000000000000e+01 1.095546352469259773e+03 -1.112032422195443360e+01 -7.394082995037852546e-02 -4.203461713522371745e-03
5.400000000000000000e+01 1.116217038364906102e+03 -1.264225065833697315e+01 -7.249833127805987987e-02 -1.513489996427049011e-02
5.500000000000000000e+01 1.136887724260552432e+03 -1.411750468956901727e+01 -6.945509172116480501e-02 -2.566324311395284941e-02
5.600000000000000000e+01 1.157558410156198761e+03 -1.551361942797998950e+01 -6.488851231916195617e-02 -3.555703098470013035e-02
5.700000000000000000e+01 1.178229096051845090e+03 -1.680008480233937362e+01 -5.890914893135679870e-02 -4.460324508021025480e-02
5.800000000000000000e+01 1.198899781947491419e+03 -1.794900445585984983e+01 -5.165765257517738324e-02 -5.261144352368890553e-02
5.900000000000000000e+01 1.219570467843137749e+03 -1.893568302331521735e+01 -4.330122589928095400e-02 -5.941611289179801747e-02
6.000000000000000000e+01 1.240241153738784078e+03 -1.973913653478077990e+01 -3.402974354320725120e-02 -6.487882236996765639e-02
6.100000000000000000e+01 1.260911839634430407e+03 -2.034251930309729417e+01 -2.405156779339914092e-02 -6.889015450140029140e-02
6.200000000000000000e+01 1.281582525530076737e+03 -2.073346134109117855e+01 -1.358908410190643942e-02 -7.137153000252981216e-02
6.300000000000000000e+01 1.302253211425723066e+03 -2.090431068125735337e+01 -2.873983366337276579e-03 -7.227677790568613758e-02
6.400000000000000000e+01 1.322923897321369395e+03 -2.085227575596091754e+01 7.857646245633830365e-03 -7.159311869174124487e-02
6.500000000000000000e+01 1.343594583217015725e+03 -2.057946480641214748e+01 1.837036139210551297e-02 -6.934197651448359423e-02
6.600000000000000000e+01 1.364265269112662054e+03 -2.009281981570947195e+01 2.843435043739168944e-02 -6.557742675003361277e-02
6.700000000000000000e+01 1.384935955008308383e+03 -1.940394975333602900e+01 3.783029390544587200e-02 -6.038605354715317897e-02
6.800000000000000000e+01 1.405606640903954712e+03 -1.852886357039055554e+01 4.635401823920301534e-02 -5.388432130390147234e-02
6.900000000000000000e+01 1.426277326799601042e+03 -1.748761105128876991e+01 5.382078624969621056e-02 -4.621633259756369183e-02
7.000000000000000000e+01 1.446948012695247371e+03 -1.630383843594216486e+01 6.006921697997846810e-02 -3.755110213193040003e-02
7.100000000000000000e+01 1.467618698590893700e+03 -1.500426721890764092e+01 6.496478531910830634e-02 -2.807964885397545851e-02
7.200000000000000000e+01 1.488289384486540030e+03 -1.361810509272338798e+01 6.840284781821086291e-02 -1.801155202847168346e-02
7.300000000000000000e+01 1.508960070382186359e+03 -1.217639965567176397e+01 7.031114143184080678e-02 -7.571329117949499032e-03
7.400000000000000000e+01 1.529630756277832688e+03 -1.071134605371948645e+01 7.065167584436901627e-02 3.006071790800521337e-03
7.500000000000000000e+01 1.550301442173479018e+03 -9.255562456911803793e+00 6.942184842942594747e-02 1.348118591544478218e-02
7.600000000000000000e+01 1.570972128069125347e+03 -7.841351607359811737e+00 6.665470747402410523e-02 2.361553634564413084e-02
7.700000000000000000e+01 1.591642813964771676e+03 -6.499965413588309815e+00 6.241831582084141766e-02 3.317818940964230995e-02
7.800000000000000000e+01 1.612313499860418005e+03 -5.260892806424073420e+00 5.681416422169362906e-02 4.195193902735747105e-02
7.900000000000000000e+01 1.632984185756064335e+03 -4.151189927487708431e+00 4.997471016988407067e-02 4.973884632355109192e-02
8.000000000000000000e+01 1.653654871651710664e+03 -3.194869733128794742e+00 4.206014514478433053e-02 5.636504404036282723e-02
8.100000000000000000e+01 1.674325557547356993e+03 -2.412365829461440292e+00 3.325450728529082134e-02 6.168470740712814898e-02
8.200000000000000000e+01 1.694996243443003323e+03 -1.820082783711331587e+00 2.376124376922976456e-02 6.558346059825038987e-02
8.300000000000000000e+01 1.715666929338649652e+03 -1.430043416574172888e+00 1.379835245372684586e-02 6.798061076831099503e-02
8.400000000000000000e+01 1.736337615234295981e+03 -1.249639964814512672e+00 3.593194496320291365e-03 6.883132490031328155e-02
8.500000000000000000e+01 1.757008301129942311e+03 -1.281495826983368502e+00 -6.622933563963998016e-03 6.812767767461964941e-02
8.600000000000000000e+01 1.777678987025588640e+03 -1.523441123631380067e+00 -1.662032946126041494e-02 6.589896748494987466e-02
8.700000000000000000e+01 1.798349672921234969e+03 -1.968603046535112533e+00 -2.617637504146116262e-02 6.221086664221455592e-02
8.800000000000000000e+01 1.819020358816881298e+03 -2.605608376368743428e+00 -3.508080016006036306e-02 5.716324217378131178e-02
8.900000000000000000e+01 1.839691044712527628e+03 -3.418891448688211820e+00 -4.314051864777997125e-02 5.088659809829793046e-02
9.000000000000000000e+01 1.860361730608173957e+03 -4.389096597055814897e+00 -5.018384817661659947e-02 4.353737362403706929e-02
9.100000000000000000e+01 1.881032416503820286e+03 -5.493560574075509351e+00 -5.606397897827541943e-02 3.529257494876128498e-02
9.200000000000000000e+01 1.901703102399466616e+03 -6.706858396095922714e+00 -6.066166107876480584e-02 2.634466676589726497e-02
9.300000000000000000e+01 1.922373788295112945e+03 -8.001396858210121366e+00 -6.388712027978443730e-02 1.689634121785503484e-02
9.400000000000000000e+01 1.943044474190759274e+03 -9.348039588257533339e+00 -6.568130290210935640e-02 7.156750221570515325e-03
9.500000000000000000e+01 1.963715160086405604e+03 -1.071675202122274229e+01 -6.601658987305762671e-02 -2.661840912831184291e-03
9.600000000000000000e+01 1.984385845982051933e+03 -1.207725597459290334e+01 -6.489698730753792888e-02 -1.234772530923183842e-02
9.700000000000000000e+01 2.005056531877698262e+03 -1.339968250163847863e+01 -6.235778060079375656e-02 -2.169327494400741241e-02
9.800000000000000000e+01 2.025727217773344591e+03 -1.465521216649018399e+01 -5.846468539933745434e-02 -3.049816515682031437e-02
9.900000000000000000e+01 2.046397903668990921e+03 -1.581669279739345590e+01 -5.331239922395594050e-02 -3.857418509142350460e-02
1.000000000000000000e+02 2.067068589564637477e+03 -1.685921988389357651e+01 -4.702252359921072628e-02 -4.574886634275311670e-02
1.010000000000000000e+02 2.087739275460283807e+03 -1.776066842807326651e+01 -3.974089018196610978e-02 -5.186984439161199112e-02
1.020000000000000000e+02 2.108409961355930136e+03 -1.850216280022317505e+01 -3.163438626125168046e-02 -5.680720867578424593e-02
1.030000000000000000e+02 2.129080647251576465e+03 -1.906847735188903670e+01 -2.288732867355109529e-02 -6.045720653199006256e-02
1.040000000000000000e+02 2.149751333147222795e+03 -1.944835636422596536e+01 -1.369742847784733569e-02 -6.274402559232053478e-02
1.050000000000000000e+02 2.170422019042869124e+03 -1.963474783517636268e+01 -4.271482074632636933e-03 -6.362167872258184254e-02
1.060000000000000000e+02 2.191092704938515453e+03 -1.962494529277319444e+01 5.179188602607302100e-03 -6.307548305740950934e-02
1.070000000000000000e+02 2.211763390834161783e+03 -1.942063307357874891e+01 1.444348517316505591e-02 -6.112311844550209761e-02
1.080000000000000000e+02 2.232434076729808112e+03 -1.902783180226735382e+01 2.331538766669792595e-02 -5.781498699779528960e-02
1.090000000000000000e+02 2.253104762625454441e+03 -1.845674296359166533e+01 3.159881818520478280e-02 -5.323397157231568588e-02
1.100000000000000000e+02 2.273775448521100770e+03 -1.772149331150733786e+01 3.911230964122478643e-02 -4.749306411082397650e-02
1.110000000000000000e+02 2.294446134416747100e+03 -1.683978642909762513e+01 4.569331246349372239e-02 -4.073288383757027453e-02
1.120000000000000000e+02 2.315116820312393429e+03 -1.583246909257833046e+01 5.120198634522789977e-02 -3.311725546186816693e-02
1.130000000000000000e+02 2.335787506208039758e+03 -1.472302607514686201e+01 5.552430495285945455e-02 -2.482842041641730724e-02
1.140000000000000000e+02 2.356458192103686088e+03 -1.353701815806904740e+01 5.857442242545937705e-02 -1.606192907006277759e-02
1.150000000000000000e+02 2.377128877999332417e+03 -1.230147910019570645e+01 6.029628075607959548e-02 -7.021571659911615693e-03
1.160000000000000000e+02 2.397799563894978746e+03 -1.104428719769978606e+01 6.066450195194240252e-02 2.085141006856972012e-03
1.170000000000000000e+02 2.418470249790625076e+03 -9.793525370466847235e+00 5.968453729694172399e-02 1.105241765681609645e-02
1.180000000000000000e+02 2.439140935686271405e+03 -8.576846551115636430e+00 5.739218460038376934e-02 1.967921932129347573e-02
1.190000000000000000e+02 2.459811621581917734e+03 -7.420853728987871989e+00 5.385242661012912269e-02 2.777532714104155587e-02
1.200000000000000000e+02 2.480482307477564063e+03 -6.350513360762978010e+00 4.915761124838833457e-02 3.516409818949781108e-02
1.210000000000000000e+02 2.501152993373210393e+03 -5.388610645996412707e+00 4.342503737636249639e-02 4.168767922233814621e-02
1.220000000000000000e+02 2.521823679268856722e+03 -4.555262745535990199e+00 3.679390623001971283e-02 4.721029683938778032e-02
1.230000000000000000e+02 2.542494365164503051e+03 -3.867500088887203535e+00 2.942178998901117531e-02 5.162144071098279108e-02
1.240000000000000000e+02 2.563165051060149381e+03 -3.338925586834943005e+00 2.148070078924477211e-02 5.483803686611345152e-02
1.250000000000000000e+02 2.583835736955795710e+03 -2.979458451221518978e+00 1.315291736529409540e-02 5.680552365642420332e-02
1.260000000000000000e+02 2.604506422851442039e+03 -2.795165939896168350e+00 4.626730795848141634e-03 5.749786030943923598e-02
1.270000000000000000e+02 2.625177108747088369e+03 -2.788183053212136997e+00 -3.907748225938768513e-03 5.691669356295001037e-02
1.280000000000000000e+02 2.645847794642734698e+03 -2.956717612171468001e+00 -1.226262852502876810e-02 5.509013188442807296e-02
1.290000000000000000e+02 2.666518480538381027e+03 -3.295136938203863775e+00 -2.025608531139870896e-02 5.207139370793914535e-02
1.300000000000000000e+02 2.687189166434027356e+03 -3.794131966066147221e+00 -2.771601823257384412e-02 4.793762792247496796e-02
1.310000000000000000e+02 2.707859852329673686e+03 -4.440955152530949412e+00 -3.448353316418142217e-02 4.278873038808707341e-02
1.320000000000000000e+02 2.728530538225320015e+03 -5.219728531283947426e+00 -4.041622644448247120e-02 3.674587895298135620e-02
1.330000000000000000e+02 2.749201224120966344e+03 -6.111817396373379729e+00 -4.539120983065619841e-02 2.994952251189170883e-02
1.340000000000000000e+02 2.769871910016612674e+03 -7.096263412949689986e+00 -4.930778206085284499e-02 2.255665428964361008e-02
1.350000000000000000e+02 2.790542595912259003e+03 -8.150268746755134686e+00 -5.208964531773888074e-02 1.473743743617637186e-02
1.360000000000000000e+02 2.811213281807905332e+03 -9.249720806506907422e+00 -5.368656083762021747e-02 6.671060529861480570e-03
1.370000000000000000e+02 2.831883967703551662e+03 -1.036974481853905239e+01 -5.407542356692953550e-02 -1.457906267258321509e-03
1.380000000000000000e+02 2.852554653599197991e+03 -1.148527299695897952e+01 -5.326070234120002661e-02 -9.464373268990508570e-03
1.390000000000000000e+02 2.873225339494844320e+03 -1.257161531589198233e+01 -5.127421650193668412e-02 -1.716676502227759693e-02
1.400000000000000000e+02 2.893896025390490649e+03 -1.360501944467278435e+01 -4.817430910267588018e-02 -2.439107596915564280e-02
1.410000000000000000e+02 2.914566711286136979e+03 -1.456320733929436706e+01 -4.404435787024804649e-02 -3.097569294159843722e-02
1.420000000000000000e+02 2.935237397181783308e+03 -1.542587361869546214e+01 -3.899062699097109036e-02 -3.677540967023097684e-02
1.430000000000000000e+02 2.955908083077429637e+03 -1.617513334610372056e+01 -3.313948666284895206e-02 -4.166588810293668510e-02
1.440000000000000000e+02 2.976578768973075967e+03 -1.679590545779689137e+01 -2.663402443566299793e-02 -4.554735087240716074e-02
1.450000000000000000e+02 2.997249454868722296e+03 -1.727622045259684214e+01 -1.963017759195367223e-02 -4.834730982895137086e-02
1.460000000000000000e+02 3.017920140764368625e+03 -1.760744392795495372e+01 -1.229256579855825780e-02 -5.002185572725401097e-02
1.470000000000000000e+02 3.038590826660014955e+03 -1.778441198554396863e+01 -4.790243528587466784e-03 -5.055544410959955659e-02
1.480000000000000000e+02 3.059261512555661284e+03 -1.780547916664112051e+01 2.707428026109238474e-03 -4.995950751456126882e-02
1.490000000000000000e+02 3.079932198451307613e+03 -1.767248319691842084e+01 1.003464131370980679e-02 -4.827025405477863851e-02
1.500000000000000000e+02 3.100602884346953942e+03 -1.739063332929877959e+01 1.703266160175491081e-02 -4.554629493463674406e-02
1.510000000000000000e+02 3.121273570242600272e+03 -1.696832960104499577e+01 2.355299849269350612e-02 -4.186635609771911792e-02
1.520000000000000000e+02 3.141944256138246601e+03 -1.641692006181257923e+01 2.946025016323405160e-02 -3.732717906376409323e-02
1.530000000000000000e+02 3.162614942033892930e+03 -1.575040244598224426e+01 3.463463828213336065e-02 -3.204147327870779383e-02
1.540000000000000000e+02 3.183285627929539260e+03 -1.498507660373396178e+01 3.897422625698405974e-02 -2.613571842391715361e-02
1.550000000000000000e+02 3.203956313825185589e+03 -1.413915446801430065e+01 4.239678316126543195e-02 -1.974761204142966298e-02
1.560000000000000000e+02 3.224626999720831918e+03 -1.323233542830926623e+01 4.484124819487122354e-02 -1.302326659834264488e-02
1.570000000000000000e+02 3.245297685616478248e+03 -1.228535575480449182e+01 4.626871735860643708e-02 -6.113607148540298186e-03
1.580000000000000000e+02 3.265968371512124577e+03 -1.131952318168087324e+01 4.666293810577433476e-02 8.286224647287565581e-04
1.590000000000000000e+02 3.286639057407770906e+03 -1.035624588169958926e+01 4.603027749964153092e-02 7.652924073558234341e-03
1.600000000000000000e+02 3.307309743303417235e+03 -9.416568365911812677e+00 4.439919889631235156e-02 1.421356950552307707e-02
1.610000000000000000e+02 3.327980429199063565e+03 -8.520722092891583443e+00 4.181930100477877776e-02 2.037294310322531471e-02
1.620000000000000000e+02 3.348651115094709894e+03 -7.687701095021268749e+00 3.835997653236343508e-02 2.600329910216822582e-02
1.630000000000000000e+02 3.369321800990356223e+03 -6.934868041161880825e+00 3.410879062334551404e-02 3.098876074907660344e-02
1.640000000000000000e+02 3.389992486886002553e+03 -6.277596900510181044e+00 2.916959263069982336e-02 3.522689616135962071e-02
1.650000000000000000e+02 3.410663172781648882e+03 -5.728957067215564969e+00 2.366034208158945135e-02 3.863097403066313024e-02
1.660000000000000000e+02 3.431333858677295211e+03 -5.299445901806020487e+00 1.771067700536240602e-02 4.113116184768186162e-02
1.670000000000000000e+02 3.452004544572941541e+03 -4.996773384461377532e+00 1.145915967590523110e-02 4.267765231067715409e-02
1.680000000000000000e+02 3.472675230468587870e+03 -4.825708521228632364e+00 5.050170785413384163e-03 4.324225010009617731e-02
1.690000000000000000e+02 3.493345916364234199e+03 -4.787992396412077412e+00 -1.369432806000134110e-03 4.281995464305639321e-02
1.700000000000000000e+02 3.514016602259880528e+03 -4.882322752004676580e+00 -7.653829351303645910e-03 4.142964339948928404e-02
1.710000000000000000e+02 3.534687288155526858e+03 -5.104412201251430581e+00 -1.366177772334046213e-02 3.911384741232779017e-02
1.720000000000000000e+02 3.555357974051173187e+03 -5.447119384195296732e+00 -1.926006882891965685e-02 3.593771433590156605e-02
1.730000000000000000e+02 3.576028659946819516e+03 -5.900649867433688023e+00 -2.432677639130961106e-02 3.198735570912757120e-02
1.740000000000000000e+02 3.596699345842465846e+03 -6.452821691472071741e+00 -2.875422582709414795e-02 2.736772041147515766e-02
1.750000000000000000e+02 3.617370031738112175e+03 -7.089389007922380692e+00 -3.245162805907105680e-02 2.220022928744400798e-02
1.760000000000000000e+02 3.638040717633758504e+03 -7.794416512294877641e+00 -3.534731467979624481e-02 1.661979616680460403e-02
1.770000000000000000e+02 3.658711403529404834e+03 -8.550695485923659689e+00 -3.739048460721524497e-02 1.077125783126139935e-02
1.780000000000000000e+02 3.679382089425051163e+03 -9.340190437898375109e+00 -3.855234569040134202e-02 4.804832654762808408e-03
1.790000000000000000e+02 3.700052775320697492e+03 -1.014450234253698646e+01 -3.882650954110562769e-02 -1.129349407784308035e-03
1.800000000000000000e+02 3.720723461216343821e+03 -1.094533160419539897e+01 -3.822856625203864545e-02 -6.886771375328670786e-03
1.810000000000000000e+02 3.741394147111990151e+03 -1.172492371301058434e+01 -3.679478738036986996e-02 -1.233469129800662811e-02
1.820000000000000000e+02 3.762064833007636480e+03 -1.246647858926883856e+01 -3.458008793443592688e-02 -1.735591411810523399e-02
1.830000000000000000e+02 3.782735518903282809e+03 -1.315451198488369933e+01 -3.165550888306382232e-02 -2.185144775753679325e-02
1.840000000000000000e+02 3.803406204798929139e+03 -1.377516075124615291e+01 -2.810545181553135083e-02 -2.574116973749178416e-02
1.850000000000000000e+02 3.824076890694575468e+03 -1.431642991775184726e+01 -2.402493093040941954e-02 -2.896292824509852371e-02
1.860000000000000000e+02 3.844747576590221797e+03 -1.476838435310033937e+01 -1.951699515232110244e-02 -3.147116030543686827e-02
1.870000000000000000e+02 3.865418262485868127e+03 -1.512328927059281369e+01 -1.469034860265244422e-02 -3.323561444558023603e-02
1.880000000000000000e+02 3.886088948381514456e+03 -1.537570351642629340e+01 -9.657122382945301092e-03 -3.424059950919156048e-02
1.890000000000000000e+02 3.906759634277160785e+03 -1.552252795746017000e+01 -4.530722823748904206e-03 -3.448471073408826415e-02
1.900000000000000000e+02 3.927430320172807114e+03 -1.556300981316619136e+01 5.763003206353985164e-04 -3.398083627692949360e-02
1.910000000000000000e+02 3.948101006068453444e+03 -1.549870291164133995e+01 5.554360633665287282e-03 -3.275581494819809758e-02
1.920000000000000000e+02 3.968771691964099773e+03 -1.533338492514691431e+01 1.029888997246686082e-02 -3.085008369513654591e-02
1.930000000000000000e+02 3.989442377859746102e+03 -1.507293267225197120e+01 1.471229480814020482e-02 -2.831670833080313088e-02
1.940000000000000000e+02 4.010113063755392432e+03 -1.472515847558048385e+01 1.870575868550075627e-02 -2.522028985822558078e-02
1.950000000000000000e+02 4.030783749651038761e+03 -1.429961094779648079e+01 2.220086901605065194e-02 -2.163570313019209934e-02
1.960000000000000000e+02 4.051454435546685090e+03 -1.380734409549814146e+01 2.513105340878585628e-02 -1.764680482404762385e-02
1.970000000000000000e+02 4.072125121442331420e+03 -1.326065872531702716e+01 2.744282465813989436e-02 -1.334516029469473564e-02
1.980000000000000000e+02 4.092795807337977749e+03 -1.267282007830272228e+01 2.909683589479504853e-02 -8.828771735452253799e-03
1.990000000000000000e+02 4.113466493233624533e+03 -1.205775561464007239e+01 3.006871519456025613e-02 -4.200393397718840682e-03
2.000000000000000000e+02 4.134137179129271317e+03 -1.142973814415791267e+01 3.034966883110952474e-02 4.338852250993646686e-04
