# Step, Time, dipole_x, dipole_y, dipole_z (all in a.u.)
0.000000000000000000e+00 0.000000000000000000e+00 3.869427366011353453e-02 0.000000000000000000e+00 0.000000000000000000e+00 3.869427366011353453e-02 0.000000000000000000e+00 0.000000000000000000e+00
1.000000000000000000e+00 2.067068589564640035e+01 3.767419727781917693e-02 0.000000000000000000e+00 0.000000000000000000e+00 3.767419727781917693e-02 0.000000000000000000e+00 0.000000000000000000e+00
2.000000000000000000e+00 4.134137179129280071e+01 3.466734495688642004e-02 0.000000000000000000e+00 0.000000000000000000e+00 3.466734495688642004e-02 0.000000000000000000e+00 0.000000000000000000e+00
3.000000000000000000e+00 6.201205768693920106e+01 2.983124203825850140e-02 0.000000000000000000e+00 0.000000000000000000e+00 2.983124203825850140e-02 0.000000000000000000e+00 0.000000000000000000e+00
4.000000000000000000e+00 8.268274358258560142e+01 2.341978238515469990e-02 0.000000000000000000e+00 0.000000000000000000e+00 2.341978238515469990e-02 0.000000000000000000e+00 0.000000000000000000e+00
5.000000000000000000e+00 1.033534294782320018e+02 1.577042778554121893e-02 0.000000000000000000e+00 0.000000000000000000e+00 1.577042778554121893e-02 0.000000000000000000e+00 0.000000000000000000e+00
6.000000000000000000e+00 1.240241153738784021e+02 7.286775409259843572e-03 0.000000000000000000e+00 0.000000000000000000e+00 7.286775409259843572e-03 0.000000000000000000e+00 0.000000000000000000e+00
7.000000000000000000e+00 1.446948012695248167e+02 -1.582768933295175540e-03 0.000000000000000000e+00 0.000000000000000000e+00 -1.582768933295175540e-03 0.000000000000000000e+00 0.000000000000000000e+00
8.000000000000000000e+00 1.653654871651712028e+02 -1.036908110401930927e-02 0.000000000000000000e+00 0.000000000000000000e+00 -1.036908110401930927e-02 0.000000000000000000e+00 0.000000000000000000e+00
9.000000000000000000e+00 1.860361730608175890e+02 -1.860771265827486365e-02 0.000000000000000000e+00 0.000000000000000000e+00 -1.860771265827486365e-02 0.000000000000000000e+00 0.000000000000000000e+00
1.000000000000000000e+01 2.067068589564639751e+02 -2.586396079166924933e-02 0.000000000000000000e+00 0.000000000000000000e+00 -2.586396079166924933e-02 0.000000000000000000e+00 0.000000000000000000e+00
1.100000000000000000e+01 2.273775448521103613e+02 -3.175603069853720484e-02 0.000000000000000000e+00 0.000000000000000000e+00 -3.175603069853720484e-02 0.000000000000000000e+00 0.000000000000000000e+00
1.200000000000000000e+01 2.480482307477567474e+02 -3.597495020257689136e-02 0.000000000000000000e+00 0.000000000000000000e+00 -3.597495020257689136e-02 0.000000000000000000e+00 0.000000000000000000e+00
1.300000000000000000e+01 2.687189166434031335e+02 -3.830026642455477970e-02 0.000000000000000000e+00 0.000000000000000000e+00 -3.830026642455477970e-02 0.000000000000000000e+00 0.000000000000000000e+00
1.400000000000000000e+01 2.893896025390495197e+02 -3.861094414061057301e-02 0.000000000000000000e+00 0.000000000000000000e+00 -3.861094414061057301e-02 0.000000000000000000e+00 0.000000000000000000e+00
1.500000000000000000e+01 3.100602884346959058e+02 -3.689119692569070574e-02 0.000000000000000000e+00 0.000000000000000000e+00 -3.689119692569070574e-02 0.000000000000000000e+00 0.000000000000000000e+00
1.600000000000000000e+01 3.307309743303422920e+02 -3.323116842171829066e-02 0.000000000000000000e+00 0.000000000000000000e+00 -3.323116842171829066e-02 0.000000000000000000e+00 0.000000000000000000e+00
1.700000000000000000e+01 3.514016602259886781e+02 -2.782246866983220657e-02 0.000000000000000000e+00 0.000000000000000000e+00 -2.782246866983220657e-02 0.000000000000000000e+00 0.000000000000000000e+00
1.800000000000000000e+01 3.720723461216350643e+02 -2.094864255701366085e-02 0.000000000000000000e+00 0.000000000000000000e+00 -2.094864255701366085e-02 0.000000000000000000e+00 0.000000000000000000e+00
1.900000000000000000e+01 3.927430320172814504e+02 -1.297079501201439666e-02 0.000000000000000000e+00 0.000000000000000000e+00 -1.297079501201439666e-02 0.000000000000000000e+00 0.000000000000000000e+00
2.000000000000000000e+01 4.134137179129278366e+02 -4.308866340047887156e-03 0.000000000000000000e+00 0.000000000000000000e+00 -4.308866340047887156e-03 0.000000000000000000e+00 0.000000000000000000e+00
2.100000000000000000e+01 4.340844038085742227e+02 4.580585175381735041e-03 0.000000000000000000e+00 0.000000000000000000e+00 4.580585175381735041e-03 0.000000000000000000e+00 0.000000000000000000e+00
2.200000000000000000e+01 4.547550897042206088e+02 1.322886331268184612e-02 0.000000000000000000e+00 0.000000000000000000e+00 1.322886331268184612e-02 0.000000000000000000e+00 0.000000000000000000e+00
2.300000000000000000e+01 4.754257755998669950e+02 2.118037012669632402e-02 0.000000000000000000e+00 0.000000000000000000e+00 2.118037012669632402e-02 0.000000000000000000e+00 0.000000000000000000e+00
2.400000000000000000e+01 4.960964614955133811e+02 2.801699449674070752e-02 0.000000000000000000e+00 0.000000000000000000e+00 2.801699449674070752e-02 0.000000000000000000e+00 0.000000000000000000e+00
2.500000000000000000e+01 5.167671473911598241e+02 3.338016022321683984e-02 0.000000000000000000e+00 0.000000000000000000e+00 3.338016022321683984e-02 0.000000000000000000e+00 0.000000000000000000e+00
2.600000000000000000e+01 5.374378332868062671e+02 3.698932726450995800e-02 0.000000000000000000e+00 0.000000000000000000e+00 3.698932726450995800e-02 0.000000000000000000e+00 0.000000000000000000e+00
2.700000000000000000e+01 5.581085191824527101e+02 3.865611671418106576e-02 0.000000000000000000e+00 0.000000000000000000e+00 3.865611671418106576e-02 0.000000000000000000e+00 0.000000000000000000e+00
2.800000000000000000e+01 5.787792050780991531e+02 3.829359202559796949e-02 0.000000000000000000e+00 0.000000000000000000e+00 3.829359202559796949e-02 0.000000000000000000e+00 0.000000000000000000e+00
2.900000000000000000e+01 5.994498909737455961e+02 3.592049235542491004e-02 0.000000000000000000e+00 0.000000000000000000e+00 3.592049235542491004e-02 0.000000000000000000e+00 0.000000000000000000e+00
3.000000000000000000e+01 6.201205768693920390e+02 3.166035575316102080e-02 0.000000000000000000e+00 0.000000000000000000e+00 3.166035575316102080e-02 0.000000000000000000e+00 0.000000000000000000e+00
3.100000000000000000e+01 6.407912627650384820e+02 2.573553817178851622e-02 0.000000000000000000e+00 0.000000000000000000e+00 2.573553817178851622e-02 0.000000000000000000e+00 0.000000000000000000e+00
3.200000000000000000e+01 6.614619486606849250e+02 1.845621985289025435e-02 0.000000000000000000e+00 0.000000000000000000e+00 1.845621985289025435e-02 0.000000000000000000e+00 0.000000000000000000e+00
3.300000000000000000e+01 6.821326345563313680e+02 1.020467482604017762e-02 0.000000000000000000e+00 0.000000000000000000e+00 1.020467482604017762e-02 0.000000000000000000e+00 0.000000000000000000e+00
3.400000000000000000e+01 7.028033204519778110e+02 1.415386520358330458e-03 0.000000000000000000e+00 0.000000000000000000e+00 1.415386520358330458e-03 0.000000000000000000e+00 0.000000000000000000e+00
3.500000000000000000e+01 7.234740063476242540e+02 -7.448024563790844876e-03 0.000000000000000000e+00 0.000000000000000000e+00 -7.448024563790844876e-03 0.000000000000000000e+00 0.000000000000000000e+00
3.600000000000000000e+01 7.441446922432706970e+02 -1.591773360948998961e-02 0.000000000000000000e+00 0.000000000000000000e+00 -1.591773360948998961e-02 0.000000000000000000e+00 0.000000000000000000e+00
3.700000000000000000e+01 7.648153781389171399e+02 -2.354694094834107465e-02 0.000000000000000000e+00 0.000000000000000000e+00 -2.354694094834107465e-02 0.000000000000000000e+00 0.000000000000000000e+00
3.800000000000000000e+01 7.854860640345635829e+02 -2.993379383137927119e-02 0.000000000000000000e+00 0.000000000000000000e+00 -2.993379383137927119e-02 0.000000000000000000e+00 0.000000000000000000e+00
3.900000000000000000e+01 8.061567499302100259e+02 -3.474256281744933506e-02 0.000000000000000000e+00 0.000000000000000000e+00 -3.474256281744933506e-02 0.000000000000000000e+00 0.000000000000000000e+00
4.000000000000000000e+01 8.268274358258564689e+02 -3.772095878198040986e-02 0.000000000000000000e+00 0.000000000000000000e+00 -3.772095878198040986e-02 0.000000000000000000e+00 0.000000000000000000e+00
4.100000000000000000e+01 8.474981217215029119e+02 -3.871286132541434943e-02 0.000000000000000000e+00 0.000000000000000000e+00 -3.871286132541434943e-02 0.000000000000000000e+00 0.000000000000000000e+00
4.200000000000000000e+01 8.681688076171493549e+02 -3.766607010149661261e-02 0.000000000000000000e+00 0.000000000000000000e+00 -3.766607010149661261e-02 0.000000000000000000e+00 0.000000000000000000e+00
4.300000000000000000e+01 8.888394935127957979e+02 -3.463491828000478390e-02 0.000000000000000000e+00 0.000000000000000000e+00 -3.463491828000478390e-02 0.000000000000000000e+00 0.000000000000000000e+00
4.400000000000000000e+01 9.095101794084422409e+02 -2.977770191128804866e-02 0.000000000000000000e+00 0.000000000000000000e+00 -2.977770191128804866e-02 0.000000000000000000e+00 0.000000000000000000e+00
4.500000000000000000e+01 9.301808653040886838e+02 -2.334894774429362163e-02 0.000000000000000000e+00 0.000000000000000000e+00 -2.334894774429362163e-02 0.000000000000000000e+00 0.000000000000000000e+00
4.600000000000000000e+01 9.508515511997351268e+02 -1.568666048674564883e-02 0.000000000000000000e+00 0.000000000000000000e+00 -1.568666048674564883e-02 0.000000000000000000e+00 0.000000000000000000e+00
4.700000000000000000e+01 9.715222370953815698e+02 -7.194925875531818504e-03 0.000000000000000000e+00 0.000000000000000000e+00 -7.194925875531818504e-03 0.000000000000000000e+00 0.000000000000000000e+00
4.800000000000000000e+01 9.921929229910280128e+02 1.677402511696443610e-03 0.000000000000000000e+00 0.000000000000000000e+00 1.677402511696443610e-03 0.000000000000000000e+00 0.000000000000000000e+00
4.900000000000000000e+01 1.012863608886674456e+03 1.046080775258850792e-02 0.000000000000000000e+00 0.000000000000000000e+00 1.046080775258850792e-02 0.000000000000000000e+00 0.000000000000000000e+00
5.000000000000000000e+01 1.033534294782320785e+03 1.869054573570778921e-02 0.000000000000000000e+00 0.000000000000000000e+00 1.869054573570778921e-02 0.000000000000000000e+00 0.000000000000000000e+00
5.100000000000000000e+01 1.054204980677967114e+03 2.593177964916981715e-02 0.000000000000000000e+00 0.000000000000000000e+00 2.593177964916981715e-02 0.000000000000000000e+00 0.000000000000000000e+00
5.200000000000000000e+01 1.074875666573613444e+03 3.180281904894646794e-02 0.000000000000000000e+00 0.000000000000000000e+00 3.180281904894646794e-02 0.000000000000000000e+00 0.000000000000000000e+00
5.300000000000000000e+01 1.095546352469259773e+03 3.599511054667478560e-02 0.000000000000000000e+00 0.000000000000000000e+00 3.599511054667478560e-02 0.000000000000000000e+00 0.000000000000000000e+00
5.400000000000000000e+01 1.116217038364906102e+03 3.828899679093135389e-02 0.000000000000000000e+00 0.000000000000000000e+00 3.828899679093135389e-02 0.000000000000000000e+00 0.000000000000000000e+00
5.500000000000000000e+01 1.136887724260552432e+03 3.856465163609699986e-02 0.000000000000000000e+00 0.000000000000000000e+00 3.856465163609699986e-02 0.000000000000000000e+00 0.000000000000000000e+00
5.600000000000000000e+01 1.157558410156198761e+03 3.680791273872671687e-02 0.000000000000000000e+00 0.000000000000000000e+00 3.680791273872671687e-02 0.000000000000000000e+00 0.000000000000000000e+00
5.700000000000000000e+01 1.178229096051845090e+03 3.311092107118764061e-02 0.000000000000000000e+00 0.000000000000000000e+00 3.311092107118764061e-02 0.000000000000000000e+00 0.000000000000000000e+00
5.800000000000000000e+01 1.198899781947491419e+03 2.766756711012534342e-02 0.000000000000000000e+00 0.000000000000000000e+00 2.766756711012534342e-02 0.000000000000000000e+00 0.000000000000000000e+00
5.900000000000000000e+01 1.219570467843137749e+03 2.076382007744112523e-02 0.000000000000000000e+00 0.000000000000000000e+00 2.076382007744112523e-02 0.000000000000000000e+00 0.000000000000000000e+00
6.000000000000000000e+01 1.240241153738784078e+03 1.276317121935512111e-02 0.000000000000000000e+00 0.000000000000000000e+00 1.276317121935512111e-02 0.000000000000000000e+00 0.000000000000000000e+00
6.100000000000000000e+01 1.260911839634430407e+03 4.087699589453611115e-03 0.000000000000000000e+00 0.000000000000000000e+00 4.087699589453611115e-03 0.000000000000000000e+00 0.000000000000000000e+00
6.200000000000000000e+01 1.281582525530076737e+03 -4.804359364269997212e-03 0.000000000000000000e+00 0.000000000000000000e+00 -4.804359364269997212e-03 0.000000000000000000e+00 0.000000000000000000e+00
6.300000000000000000e+01 1.302253211425723066e+03 -1.344328454817385332e-02 0.000000000000000000e+00 0.000000000000000000e+00 -1.344328454817385332e-02 0.000000000000000000e+00 0.000000000000000000e+00
6.400000000000000000e+01 1.322923897321369395e+03 -2.137324600021897614e-02 0.000000000000000000e+00 0.000000000000000000e+00 -2.137324600021897614e-02 0.000000000000000000e+00 0.000000000000000000e+00
6.500000000000000000e+01 1.343594583217015725e+03 -2.817676370122722262e-02 0.000000000000000000e+00 0.000000000000000000e+00 -2.817676370122722262e-02 0.000000000000000000e+00 0.000000000000000000e+00
6.600000000000000000e+01 1.364265269112662054e+03 -3.349674617393437470e-02 0.000000000000000000e+00 0.000000000000000000e+00 -3.349674617393437470e-02 0.000000000000000000e+00 0.000000000000000000e+00
6.700000000000000000e+01 1.384935955008308383e+03 -3.705490457859912656e-02 0.000000000000000000e+00 0.000000000000000000e+00 -3.705490457859912656e-02 0.000000000000000000e+00 0.000000000000000000e+00
6.800000000000000000e+01 1.405606640903954712e+03 -3.866572422342817728e-02 0.000000000000000000e+00 0.000000000000000000e+00 -3.866572422342817728e-02 0.000000000000000000e+00 0.000000000000000000e+00
6.900000000000000000e+01 1.426277326799601042e+03 -3.824554220524616077e-02 0.000000000000000000e+00 0.000000000000000000e+00 -3.824554220524616077e-02 0.000000000000000000e+00 0.000000000000000000e+00
7.000000000000000000e+01 1.446948012695247371e+03 -3.581654420013377638e-02 0.000000000000000000e+00 0.000000000000000000e+00 -3.581654420013377638e-02 0.000000000000000000e+00 0.000000000000000000e+00
7.100000000000000000e+01 1.467618698590893700e+03 -3.150563459370948893e-02 0.000000000000000000e+00 0.000000000000000000e+00 -3.150563459370948893e-02 0.000000000000000000e+00 0.000000000000000000e+00
7.200000000000000000e+01 1.488289384486540030e+03 -2.553820270082458876e-02 0.000000000000000000e+00 0.000000000000000000e+00 -2.553820270082458876e-02 0.000000000000000000e+00 0.000000000000000000e+00
7.300000000000000000e+01 1.508960070382186359e+03 -1.822689568772623003e-02 0.000000000000000000e+00 0.000000000000000000e+00 -1.822689568772623003e-02 0.000000000000000000e+00 0.000000000000000000e+00
7.400000000000000000e+01 1.529630756277832688e+03 -9.955695777163653393e-03 0.000000000000000000e+00 0.000000000000000000e+00 -9.955695777163653393e-03 0.000000000000000000e+00 0.000000000000000000e+00
7.500000000000000000e+01 1.550301442173479018e+03 -1.159906887866476999e-03 0.000000000000000000e+00 0.000000000000000000e+00 -1.159906887866476999e-03 0.000000000000000000e+00 0.000000000000000000e+00
7.600000000000000000e+01 1.570972128069125347e+03 7.696965795136706534e-03 0.000000000000000000e+00 0.000000000000000000e+00 7.696965795136706534e-03 0.000000000000000000e+00 0.000000000000000000e+00
7.700000000000000000e+01 1.591642813964771676e+03 1.614810809980489481e-02 0.000000000000000000e+00 0.000000000000000000e+00 1.614810809980489481e-02 0.000000000000000000e+00 0.000000000000000000e+00
7.800000000000000000e+01 1.612313499860418005e+03 2.374850256816417315e-02 0.000000000000000000e+00 0.000000000000000000e+00 2.374850256816417315e-02 0.000000000000000000e+00 0.000000000000000000e+00
7.900000000000000000e+01 1.632984185756064335e+03 3.009866108036110544e-02 0.000000000000000000e+00 0.000000000000000000e+00 3.009866108036110544e-02 0.000000000000000000e+00 0.000000000000000000e+00
8.000000000000000000e+01 1.653654871651710664e+03 3.486557335822922099e-02 0.000000000000000000e+00 0.000000000000000000e+00 3.486557335822922099e-02 0.000000000000000000e+00 0.000000000000000000e+00
8.100000000000000000e+01 1.674325557547356993e+03 3.779978671230080356e-02 0.000000000000000000e+00 0.000000000000000000e+00 3.779978671230080356e-02 0.000000000000000000e+00 0.000000000000000000e+00
8.200000000000000000e+01 1.694996243443003323e+03 3.874791387127542175e-02 0.000000000000000000e+00 0.000000000000000000e+00 3.874791387127542175e-02 0.000000000000000000e+00 0.000000000000000000e+00
8.300000000000000000e+01 1.715666929338649652e+03 3.766019924483389458e-02 0.000000000000000000e+00 0.000000000000000000e+00 3.766019924483389458e-02 0.000000000000000000e+00 0.000000000000000000e+00
8.400000000000000000e+01 1.736337615234295981e+03 3.459299361789283656e-02 0.000000000000000000e+00 0.000000000000000000e+00 3.459299361789283656e-02 0.000000000000000000e+00 0.000000000000000000e+00
8.500000000000000000e+01 1.757008301129942311e+03 2.970609546065361428e-02 0.000000000000000000e+00 0.000000000000000000e+00 2.970609546065361428e-02 0.000000000000000000e+00 0.000000000000000000e+00
8.600000000000000000e+01 1.777678987025588640e+03 2.325498182334444219e-02 0.000000000000000000e+00 0.000000000000000000e+00 2.325498182334444219e-02 0.000000000000000000e+00 0.000000000000000000e+00
8.700000000000000000e+01 1.798349672921234969e+03 1.557806751423138070e-02 0.000000000000000000e+00 0.000000000000000000e+00 1.557806751423138070e-02 0.000000000000000000e+00 0.000000000000000000e+00
8.800000000000000000e+01 1.819020358816881298e+03 7.079363615141789912e-03 0.000000000000000000e+00 0.000000000000000000e+00 7.079363615141789912e-03 0.000000000000000000e+00 0.000000000000000000e+00
8.900000000000000000e+01 1.839691044712527628e+03 -1.792746107829479296e-03 0.000000000000000000e+00 0.000000000000000000e+00 -1.792746107829479296e-03 0.000000000000000000e+00 0.000000000000000000e+00
9.000000000000000000e+01 1.860361730608173957e+03 -1.056949966291881315e-02 0.000000000000000000e+00 0.000000000000000000e+00 -1.056949966291881315e-02 0.000000000000000000e+00 0.000000000000000000e+00
9.100000000000000000e+01 1.881032416503820286e+03 -1.878707917413897921e-02 0.000000000000000000e+00 0.000000000000000000e+00 -1.878707917413897921e-02 0.000000000000000000e+00 0.000000000000000000e+00
9.200000000000000000e+01 1.901703102399466616e+03 -2.601164449150696056e-02 0.000000000000000000e+00 0.000000000000000000e+00 -2.601164449150696056e-02 0.000000000000000000e+00 0.000000000000000000e+00
9.300000000000000000e+01 1.922373788295112945e+03 -3.186249772188738671e-02 0.000000000000000000e+00 0.000000000000000000e+00 -3.186249772188738671e-02 0.000000000000000000e+00 0.000000000000000000e+00
9.400000000000000000e+01 1.943044474190759274e+03 -3.603203321543139992e-02 0.000000000000000000e+00 0.000000000000000000e+00 -3.603203321543139992e-02 0.000000000000000000e+00 0.000000000000000000e+00
9.500000000000000000e+01 1.963715160086405604e+03 -3.830149020414523597e-02 0.000000000000000000e+00 0.000000000000000000e+00 -3.830149020414523597e-02 0.000000000000000000e+00 0.000000000000000000e+00
9.600000000000000000e+01 1.984385845982051933e+03 -3.855191009047627404e-02 0.000000000000000000e+00 0.000000000000000000e+00 -3.855191009047627404e-02 0.000000000000000000e+00 0.000000000000000000e+00
9.700000000000000000e+01 2.005056531877698262e+03 -3.677000894937036690e-02 0.000000000000000000e+00 0.000000000000000000e+00 -3.677000894937036690e-02 0.000000000000000000e+00 0.000000000000000000e+00
9.800000000000000000e+01 2.025727217773344591e+03 -3.304886128574538451e-02 0.000000000000000000e+00 0.000000000000000000e+00 -3.304886128574538451e-02 0.000000000000000000e+00 0.000000000000000000e+00
9.900000000000000000e+01 2.046397903668990921e+03 -2.758338053217561370e-02 0.000000000000000000e+00 0.000000000000000000e+00 -2.758338053217561370e-02 0.000000000000000000e+00 0.000000000000000000e+00
1.000000000000000000e+02 2.067068589564637477e+03 -2.066065947654043000e-02 0.000000000000000000e+00 0.000000000000000000e+00 -2.066065947654043000e-02 0.000000000000000000e+00 0.000000000000000000e+00
