# Step, Time, Energy in eV
0.000000000000000000e+00 0.000000000000000000e+00 -4.595195010355324072e-03
1.000000000000000000e+00 2.067068589564640035e+01 -5.093151240814663971e-03
2.000000000000000000e+00 4.134137179129280071e+01 -6.483280207633224101e-03
3.000000000000000000e+00 6.201205768693920106e+01 -8.475951516877799907e-03
4.000000000000000000e+00 8.268274358258560142e+01 -1.065595816116610139e-02
5.000000000000000000e+00 1.033534294782320018e+02 -1.256906937110430222e-02
6.000000000000000000e+00 1.240241153738784021e+02 -1.381679931041618521e-02
7.000000000000000000e+00 1.446948012695248167e+02 -1.413955523971838039e-02
8.000000000000000000e+00 1.653654871651712028e+02 -1.347071732199739240e-02
9.000000000000000000e+00 1.860361730608175890e+02 -1.195032251044836347e-02
1.000000000000000000e+01 2.067068589564639751e+02 -9.895553947708357612e-03
1.100000000000000000e+01 2.273775448521103613e+02 -7.734334921494779615e-03
1.200000000000000000e+01 2.480482307477567474e+02 -5.916046847271427822e-03
1.300000000000000000e+01 2.687189166434031335e+02 -4.818089139942194343e-03
1.400000000000000000e+01 2.893896025390495197e+02 -4.667706461540133134e-03
1.500000000000000000e+01 3.100602884346959058e+02 -5.495168810348727284e-03
1.600000000000000000e+01 3.307309743303422920e+02 -7.127817639903445170e-03
1.700000000000000000e+01 3.514016602259886781e+02 -9.226087932081461496e-03
1.800000000000000000e+01 3.720723461216350643e+02 -1.135403541117441240e-02
1.900000000000000000e+01 3.927430320172814504e+02 -1.306980097214260894e-02
2.000000000000000000e+01 4.134137179129278366e+02 -1.401727831547450176e-02
2.100000000000000000e+01 4.340844038085742227e+02 -1.399995071327331253e-02
2.200000000000000000e+01 4.547550897042206088e+02 -1.302155662840320804e-02
2.300000000000000000e+01 4.754257755998669950e+02 -1.128516324701372975e-02
2.400000000000000000e+01 4.960964614955133811e+02 -9.150898776892291142e-03
2.500000000000000000e+01 5.167671473911598241e+02 -7.061192640163638234e-03
2.600000000000000000e+01 5.374378332868062671e+02 -5.449094783596064584e-03
2.700000000000000000e+01 5.581085191824527101e+02 -4.648680586528841641e-03
2.800000000000000000e+01 5.787792050780991531e+02 -4.826007936951148825e-03
2.900000000000000000e+01 5.994498909737455961e+02 -5.944774610822156635e-03
3.000000000000000000e+01 6.201205768693920390e+02 -7.773698013007923624e-03
3.100000000000000000e+01 6.407912627650384820e+02 -9.934151503974586461e-03
3.200000000000000000e+01 6.614619486606849250e+02 -1.197837196563122930e-02
3.300000000000000000e+01 6.821326345563313680e+02 -1.348220401881195137e-02
3.400000000000000000e+01 7.028033204519778110e+02 -1.413320555637831259e-02
3.500000000000000000e+01 7.234740063476242540e+02 -1.379576281500683073e-02
3.600000000000000000e+01 7.441446922432706970e+02 -1.253955986893984242e-02
3.700000000000000000e+01 7.648153781389171399e+02 -1.062535511757367601e-02
3.800000000000000000e+01 7.854860640345635829e+02 -8.450936543396236900e-03
3.900000000000000000e+01 8.061567499302100259e+02 -6.468477137101413810e-03
4.000000000000000000e+01 8.268274358258564689e+02 -5.090510683337767794e-03
4.100000000000000000e+01 8.474981217215029119e+02 -4.604105682839088054e-03
4.200000000000000000e+01 8.681688076171493549e+02 -5.111058876762442083e-03
4.300000000000000000e+01 8.888394935127957979e+02 -6.506506388252120132e-03
4.400000000000000000e+01 9.095101794084422409e+02 -8.500439050838193289e-03
4.500000000000000000e+01 9.301808653040886838e+02 -1.067779361057247245e-02
4.600000000000000000e+01 9.508515511997351268e+02 -1.258478647707422793e-02
4.700000000000000000e+01 9.715222370953815698e+02 -1.382358292148372185e-02
4.800000000000000000e+01 9.921929229910280128e+02 -1.413549482080350694e-02
4.900000000000000000e+01 1.012863608886674456e+03 -1.345519028386527038e-02
5.000000000000000000e+01 1.033534294782320785e+03 -1.192445300215400072e-02
5.100000000000000000e+01 1.054204980677967114e+03 -9.862558063478965575e-03
5.200000000000000000e+01 1.074875666573613444e+03 -7.699499530797848657e-03
5.300000000000000000e+01 1.095546352469259773e+03 -5.886140642064496831e-03
5.400000000000000000e+01 1.116217038364906102e+03 -4.800167137616662139e-03
5.500000000000000000e+01 1.136887724260552432e+03 -4.667491469163564943e-03
5.600000000000000000e+01 1.157558410156198761e+03 -5.515396216977941357e-03
5.700000000000000000e+01 1.178229096051845090e+03 -7.167035763977036567e-03
5.800000000000000000e+01 1.198899781947491419e+03 -9.278363904587361155e-03
5.900000000000000000e+01 1.219570467843137749e+03 -1.140981792764794722e-02
6.000000000000000000e+01 1.240241153738784078e+03 -1.311787781619089266e-02
6.100000000000000000e+01 1.260911839634430407e+03 -1.404742466628794428e-02
6.200000000000000000e+01 1.281582525530076737e+03 -1.400560293059971255e-02
6.300000000000000000e+01 1.302253211425723066e+03 -1.300176139015241095e-02
6.400000000000000000e+01 1.322923897321369395e+03 -1.124519012738733892e-02
6.500000000000000000e+01 1.343594583217015725e+03 -9.101241528454484531e-03
6.600000000000000000e+01 1.364265269112662054e+03 -7.015128741131249936e-03
6.700000000000000000e+01 1.384935955008308383e+03 -5.419391845655929796e-03
6.800000000000000000e+01 1.405606640903954712e+03 -4.644302839326208687e-03
6.900000000000000000e+01 1.426277326799601042e+03 -4.849704215166783516e-03
7.000000000000000000e+01 1.446948012695247371e+03 -5.992211295005545058e-03
7.100000000000000000e+01 1.467618698590893700e+03 -7.834396607522442491e-03
7.200000000000000000e+01 1.488289384486540030e+03 -9.994010102004236007e-03
7.300000000000000000e+01 1.508960070382186359e+03 -1.202312237646846471e-02
7.400000000000000000e+01 1.529630756277832688e+03 -1.350090135920179076e-02
7.500000000000000000e+01 1.550301442173479018e+03 -1.412084104541711134e-02
7.600000000000000000e+01 1.570972128069125347e+03 -1.375433882823995368e-02
7.700000000000000000e+01 1.591642813964771676e+03 -1.247739636698796950e-02
7.800000000000000000e+01 1.612313499860418005e+03 -1.055487942876504048e-02
7.900000000000000000e+01 1.632984185756064335e+03 -8.385601576411938485e-03
8.000000000000000000e+01 1.653654871651710664e+03 -6.419646225262531924e-03
8.100000000000000000e+01 1.674325557547356993e+03 -5.065096087491560706e-03
8.200000000000000000e+01 1.694996243443003323e+03 -4.603484496761234279e-03
8.300000000000000000e+01 1.715666929338649652e+03 -5.131407583102209902e-03
8.400000000000000000e+01 1.736337615234295981e+03 -6.540311973411316870e-03
8.500000000000000000e+01 1.757008301129942311e+03 -8.538665998714778382e-03
8.600000000000000000e+01 1.777678987025588640e+03 -1.071207823498243616e-02
8.700000000000000000e+01 1.798349672921234969e+03 -1.260910708789553247e-02
8.800000000000000000e+01 1.819020358816881298e+03 -1.383507775100301096e-02
8.900000000000000000e+01 1.839691044712527628e+03 -1.413438887887097199e-02
9.000000000000000000e+01 1.860361730608173957e+03 -1.344404951586497358e-02
9.100000000000000000e+01 1.881032416503820286e+03 -1.190712881915978461e-02
9.200000000000000000e+01 1.901703102399466616e+03 -9.843184162819040850e-03
9.300000000000000000e+01 1.922373788295112945e+03 -7.681779584138515894e-03
9.400000000000000000e+01 1.943044474190759274e+03 -5.872986282151826387e-03
9.500000000000000000e+01 1.963715160086405604e+03 -4.793589595261771308e-03
9.600000000000000000e+01 1.984385845982051933e+03 -4.668576638684585056e-03
9.700000000000000000e+01 2.005056531877698262e+03 -5.524221319485267401e-03
9.800000000000000000e+01 2.025727217773344591e+03 -7.182492630546378522e-03
9.900000000000000000e+01 2.046397903668990921e+03 -9.297985142560805105e-03
1.000000000000000000e+02 2.067068589564637477e+03 -1.142979413028039071e-02
