# Step, Time, dipole_x, dipole_y, dipole_z (all in a.u.)
0.000000000000000000e+00 0.000000000000000000e+00 1.230589657735125381e-02 0.000000000000000000e+00 0.000000000000000000e+00 1.230589657735125381e-02 0.000000000000000000e+00 0.000000000000000000e+00
1.000000000000000000e+00 2.067068589564640035e+01 1.202883517676436864e-02 0.000000000000000000e+00 0.000000000000000000e+00 1.202883517676436864e-02 0.000000000000000000e+00 0.000000000000000000e+00
2.000000000000000000e+00 4.134137179129280071e+01 1.120990742509239170e-02 0.000000000000000000e+00 0.000000000000000000e+00 1.120990742509239170e-02 0.000000000000000000e+00 0.000000000000000000e+00
3.000000000000000000e+00 6.201205768693920106e+01 9.885387820204632331e-03 0.000000000000000000e+00 0.000000000000000000e+00 9.885387820204632331e-03 0.000000000000000000e+00 0.000000000000000000e+00
4.000000000000000000e+00 8.268274358258560142e+01 8.114102691067248338e-03 0.000000000000000000e+00 0.000000000000000000e+00 8.114102691067248338e-03 0.000000000000000000e+00 0.000000000000000000e+00
5.000000000000000000e+00 1.033534294782320018e+02 5.975045699499980517e-03 0.000000000000000000e+00 0.000000000000000000e+00 5.975045699499980517e-03 0.000000000000000000e+00 0.000000000000000000e+00
6.000000000000000000e+00 1.240241153738784021e+02 3.564157846055209487e-03 0.000000000000000000e+00 0.000000000000000000e+00 3.564157846055209487e-03 0.000000000000000000e+00 0.000000000000000000e+00
7.000000000000000000e+00 1.446948012695248167e+02 9.903783530897569600e-04 0.000000000000000000e+00 0.000000000000000000e+00 9.903783530897569600e-04 0.000000000000000000e+00 0.000000000000000000e+00
8.000000000000000000e+00 1.653654871651712028e+02 -1.628908345398390970e-03 0.000000000000000000e+00 0.000000000000000000e+00 -1.628908345398390970e-03 0.000000000000000000e+00 0.000000000000000000e+00
9.000000000000000000e+00 1.860361730608175890e+02 -4.172886889664555350e-03 0.000000000000000000e+00 0.000000000000000000e+00 -4.172886889664555350e-03 0.000000000000000000e+00 0.000000000000000000e+00
1.000000000000000000e+01 2.067068589564639751e+02 -6.522624321655087418e-03 0.000000000000000000e+00 0.000000000000000000e+00 -6.522624321655087418e-03 0.000000000000000000e+00 0.000000000000000000e+00
1.100000000000000000e+01 2.273775448521103613e+02 -8.566496060898232470e-03 0.000000000000000000e+00 0.000000000000000000e+00 -8.566496060898232470e-03 0.000000000000000000e+00 0.000000000000000000e+00
1.200000000000000000e+01 2.480482307477567474e+02 -1.020551004485006040e-02 0.000000000000000000e+00 0.000000000000000000e+00 -1.020551004485006040e-02 0.000000000000000000e+00 0.000000000000000000e+00
1.300000000000000000e+01 2.687189166434031335e+02 -1.135828670526171057e-02 0.000000000000000000e+00 0.000000000000000000e+00 -1.135828670526171057e-02 0.000000000000000000e+00 0.000000000000000000e+00
1.400000000000000000e+01 2.893896025390495197e+02 -1.196543198781760062e-02 0.000000000000000000e+00 0.000000000000000000e+00 -1.196543198781760062e-02 0.000000000000000000e+00 0.000000000000000000e+00
1.500000000000000000e+01 3.100602884346959058e+02 -1.199303581025724756e-02 0.000000000000000000e+00 0.000000000000000000e+00 -1.199303581025724756e-02 0.000000000000000000e+00 0.000000000000000000e+00
1.600000000000000000e+01 3.307309743303422920e+02 -1.143504610274786309e-02 0.000000000000000000e+00 0.000000000000000000e+00 -1.143504610274786309e-02 0.000000000000000000e+00 0.000000000000000000e+00
1.700000000000000000e+01 3.514016602259886781e+02 -1.031431209555246954e-02 0.000000000000000000e+00 0.000000000000000000e+00 -1.031431209555246954e-02 0.000000000000000000e+00 0.000000000000000000e+00
1.800000000000000000e+01 3.720723461216350643e+02 -8.682158062458587497e-03 0.000000000000000000e+00 0.000000000000000000e+00 -8.682158062458587497e-03 0.000000000000000000e+00 0.000000000000000000e+00
1.900000000000000000e+01 3.927430320172814504e+02 -6.616433932570088550e-03 0.000000000000000000e+00 0.000000000000000000e+00 -6.616433932570088550e-03 0.000000000000000000e+00 0.000000000000000000e+00
2.000000000000000000e+01 4.134137179129278366e+02 -4.218082955732380124e-03 0.000000000000000000e+00 0.000000000000000000e+00 -4.218082955732380124e-03 0.000000000000000000e+00 0.000000000000000000e+00
2.100000000000000000e+01 4.340844038085742227e+02 -1.606359768950825235e-03 0.000000000000000000e+00 0.000000000000000000e+00 -1.606359768950825235e-03 0.000000000000000000e+00 0.000000000000000000e+00
2.200000000000000000e+01 4.547550897042206088e+02 1.087082238784142264e-03 0.000000000000000000e+00 0.000000000000000000e+00 1.087082238784142264e-03 0.000000000000000000e+00 0.000000000000000000e+00
2.300000000000000000e+01 4.754257755998669950e+02 3.724941357888487351e-03 0.000000000000000000e+00 0.000000000000000000e+00 3.724941357888487351e-03 0.000000000000000000e+00 0.000000000000000000e+00
2.400000000000000000e+01 4.960964614955133811e+02 6.171502093941202624e-03 0.000000000000000000e+00 0.000000000000000000e+00 6.171502093941202624e-03 0.000000000000000000e+00 0.000000000000000000e+00
2.500000000000000000e+01 5.167671473911598241e+02 8.299953993121682652e-03 0.000000000000000000e+00 0.000000000000000000e+00 8.299953993121682652e-03 0.000000000000000000e+00 0.000000000000000000e+00
2.600000000000000000e+01 5.374378332868062671e+02 9.999366714903246828e-03 0.000000000000000000e+00 0.000000000000000000e+00 9.999366714903246828e-03 0.000000000000000000e+00 0.000000000000000000e+00
2.700000000000000000e+01 5.581085191824527101e+02 1.118088875266491818e-02 0.000000000000000000e+00 0.000000000000000000e+00 1.118088875266491818e-02 0.000000000000000000e+00 0.000000000000000000e+00
2.800000000000000000e+01 5.787792050780991531e+02 1.178276338657723368e-02 0.000000000000000000e+00 0.000000000000000000e+00 1.178276338657723368e-02 0.000000000000000000e+00 0.000000000000000000e+00
2.900000000000000000e+01 5.994498909737455961e+02 1.177381775151462723e-02 0.000000000000000000e+00 0.000000000000000000e+00 1.177381775151462723e-02 0.000000000000000000e+00 0.000000000000000000e+00
3.000000000000000000e+01 6.201205768693920390e+02 1.115517951565083050e-02 0.000000000000000000e+00 0.000000000000000000e+00 1.115517951565083050e-02 0.000000000000000000e+00 0.000000000000000000e+00
3.100000000000000000e+01 6.407912627650384820e+02 9.960103361006939285e-03 0.000000000000000000e+00 0.000000000000000000e+00 9.960103361006939285e-03 0.000000000000000000e+00 0.000000000000000000e+00
3.200000000000000000e+01 6.614619486606849250e+02 8.251931868409292936e-03 0.000000000000000000e+00 0.000000000000000000e+00 8.251931868409292936e-03 0.000000000000000000e+00 0.000000000000000000e+00
3.300000000000000000e+01 6.821326345563313680e+02 6.120354109771486764e-03 0.000000000000000000e+00 0.000000000000000000e+00 6.120354109771486764e-03 0.000000000000000000e+00 0.000000000000000000e+00
3.400000000000000000e+01 7.028033204519778110e+02 3.676242527415160295e-03 0.000000000000000000e+00 0.000000000000000000e+00 3.676242527415160295e-03 0.000000000000000000e+00 0.000000000000000000e+00
3.500000000000000000e+01 7.234740063476242540e+02 1.045432091530042445e-03 0.000000000000000000e+00 0.000000000000000000e+00 1.045432091530042445e-03 0.000000000000000000e+00 0.000000000000000000e+00
3.600000000000000000e+01 7.441446922432706970e+02 -1.638149365128033262e-03 0.000000000000000000e+00 0.000000000000000000e+00 -1.638149365128033262e-03 0.000000000000000000e+00 0.000000000000000000e+00
3.700000000000000000e+01 7.648153781389171399e+02 -4.239581497902391270e-03 0.000000000000000000e+00 0.000000000000000000e+00 -4.239581497902391270e-03 0.000000000000000000e+00 0.000000000000000000e+00
3.800000000000000000e+01 7.854860640345635829e+02 -6.629883206228519982e-03 0.000000000000000000e+00 0.000000000000000000e+00 -6.629883206228519982e-03 0.000000000000000000e+00 0.000000000000000000e+00
3.900000000000000000e+01 8.061567499302100259e+02 -8.692414840676622803e-03 0.000000000000000000e+00 0.000000000000000000e+00 -8.692414840676622803e-03 0.000000000000000000e+00 0.000000000000000000e+00
4.000000000000000000e+01 8.268274358258564689e+02 -1.032844100610535651e-02 0.000000000000000000e+00 0.000000000000000000e+00 -1.032844100610535651e-02 0.000000000000000000e+00 0.000000000000000000e+00
4.100000000000000000e+01 8.474981217215029119e+02 -1.146160439336897999e-02 0.000000000000000000e+00 0.000000000000000000e+00 -1.146160439336897999e-02 0.000000000000000000e+00 0.000000000000000000e+00
4.200000000000000000e+01 8.681688076171493549e+02 -1.204112929419520577e-02 0.000000000000000000e+00 0.000000000000000000e+00 -1.204112929419520577e-02 0.000000000000000000e+00 0.000000000000000000e+00
4.300000000000000000e+01 8.888394935127957979e+02 -1.204364870764725731e-02 0.000000000000000000e+00 0.000000000000000000e+00 -1.204364870764725731e-02 0.000000000000000000e+00 0.000000000000000000e+00
4.400000000000000000e+01 9.095101794084422409e+02 -1.147362868928719290e-02 0.000000000000000000e+00 0.000000000000000000e+00 -1.147362868928719290e-02 0.000000000000000000e+00 0.000000000000000000e+00
4.500000000000000000e+01 9.301808653040886838e+02 -1.036244270953048593e-02 0.000000000000000000e+00 0.000000000000000000e+00 -1.036244270953048593e-02 0.000000000000000000e+00 0.000000000000000000e+00
4.600000000000000000e+01 9.508515511997351268e+02 -8.766220178075698199e-03 0.000000000000000000e+00 0.000000000000000000e+00 -8.766220178075698199e-03 0.000000000000000000e+00 0.000000000000000000e+00
4.700000000000000000e+01 9.715222370953815698e+02 -6.762649716622021190e-03 0.000000000000000000e+00 0.000000000000000000e+00 -6.762649716622021190e-03 0.000000000000000000e+00 0.000000000000000000e+00
4.800000000000000000e+01 9.921929229910280128e+02 -4.446954087192121936e-03 0.000000000000000000e+00 0.000000000000000000e+00 -4.446954087192121936e-03 0.000000000000000000e+00 0.000000000000000000e+00
4.900000000000000000e+01 1.012863608886674456e+03 -1.927268551431886908e-03 0.000000000000000000e+00 0.000000000000000000e+00 -1.927268551431886908e-03 0.000000000000000000e+00 0.000000000000000000e+00
5.000000000000000000e+01 1.033534294782320785e+03 6.803493187883647526e-04 0.000000000000000000e+00 0.000000000000000000e+00 6.803493187883647526e-04 0.000000000000000000e+00 0.000000000000000000e+00
5.100000000000000000e+01 1.054204980677967114e+03 3.257066694843074005e-03 0.000000000000000000e+00 0.000000000000000000e+00 3.257066694843074005e-03 0.000000000000000000e+00 0.000000000000000000e+00
5.200000000000000000e+01 1.074875666573613444e+03 5.686389353186817493e-03 0.000000000000000000e+00 0.000000000000000000e+00 5.686389353186817493e-03 0.000000000000000000e+00 0.000000000000000000e+00
5.300000000000000000e+01 1.095546352469259773e+03 7.859072888173661287e-03 0.000000000000000000e+00 0.000000000000000000e+00 7.859072888173661287e-03 0.000000000000000000e+00 0.000000000000000000e+00
5.400000000000000000e+01 1.116217038364906102e+03 9.677677730610796669e-03 0.000000000000000000e+00 0.000000000000000000e+00 9.677677730610796669e-03 0.000000000000000000e+00 0.000000000000000000e+00
5.500000000000000000e+01 1.136887724260552432e+03 1.106062535844666399e-02 0.000000000000000000e+00 0.000000000000000000e+00 1.106062535844666399e-02 0.000000000000000000e+00 0.000000000000000000e+00
5.600000000000000000e+01 1.157558410156198761e+03 1.194562165488078503e-02 0.000000000000000000e+00 0.000000000000000000e+00 1.194562165488078503e-02 0.000000000000000000e+00 0.000000000000000000e+00
5.700000000000000000e+01 1.178229096051845090e+03 1.229232375220805015e-02 0.000000000000000000e+00 0.000000000000000000e+00 1.229232375220805015e-02 0.000000000000000000e+00 0.000000000000000000e+00
5.800000000000000000e+01 1.198899781947491419e+03 1.208414288497256656e-02 0.000000000000000000e+00 0.000000000000000000e+00 1.208414288497256656e-02 0.000000000000000000e+00 0.000000000000000000e+00
5.900000000000000000e+01 1.219570467843137749e+03 1.132910002694095981e-02 0.000000000000000000e+00 0.000000000000000000e+00 1.132910002694095981e-02 0.000000000000000000e+00 0.000000000000000000e+00
6.000000000000000000e+01 1.240241153738784078e+03 1.005968313621703053e-02 0.000000000000000000e+00 0.000000000000000000e+00 1.005968313621703053e-02 0.000000000000000000e+00 0.000000000000000000e+00
6.100000000000000000e+01 1.260911839634430407e+03 8.331692068699754136e-03 0.000000000000000000e+00 0.000000000000000000e+00 8.331692068699754136e-03 0.000000000000000000e+00 0.000000000000000000e+00
6.200000000000000000e+01 1.281582525530076737e+03 6.222095763167457584e-03 0.000000000000000000e+00 0.000000000000000000e+00 6.222095763167457584e-03 0.000000000000000000e+00 0.000000000000000000e+00
6.300000000000000000e+01 1.302253211425723066e+03 3.825962556066595140e-03 0.000000000000000000e+00 0.000000000000000000e+00 3.825962556066595140e-03 0.000000000000000000e+00 0.000000000000000000e+00
6.400000000000000000e+01 1.322923897321369395e+03 1.252556542926102669e-03 0.000000000000000000e+00 0.000000000000000000e+00 1.252556542926102669e-03 0.000000000000000000e+00 0.000000000000000000e+00
6.500000000000000000e+01 1.343594583217015725e+03 -1.379278774422412973e-03 0.000000000000000000e+00 0.000000000000000000e+00 -1.379278774422412973e-03 0.000000000000000000e+00 0.000000000000000000e+00
6.600000000000000000e+01 1.364265269112662054e+03 -3.946301275043311192e-03 0.000000000000000000e+00 0.000000000000000000e+00 -3.946301275043311192e-03 0.000000000000000000e+00 0.000000000000000000e+00
6.700000000000000000e+01 1.384935955008308383e+03 -6.326438308712399594e-03 0.000000000000000000e+00 0.000000000000000000e+00 -6.326438308712399594e-03 0.000000000000000000e+00 0.000000000000000000e+00
6.800000000000000000e+01 1.405606640903954712e+03 -8.404532450024778875e-03 0.000000000000000000e+00 0.000000000000000000e+00 -8.404532450024778875e-03 0.000000000000000000e+00 0.000000000000000000e+00
6.900000000000000000e+01 1.426277326799601042e+03 -1.007802023177829798e-02 0.000000000000000000e+00 0.000000000000000000e+00 -1.007802023177829798e-02 0.000000000000000000e+00 0.000000000000000000e+00
7.000000000000000000e+01 1.446948012695247371e+03 -1.126226645184361802e-02 0.000000000000000000e+00 0.000000000000000000e+00 -1.126226645184361802e-02 0.000000000000000000e+00 0.000000000000000000e+00
7.100000000000000000e+01 1.467618698590893700e+03 -1.189525426989845001e-02 0.000000000000000000e+00 0.000000000000000000e+00 -1.189525426989845001e-02 0.000000000000000000e+00 0.000000000000000000e+00
7.200000000000000000e+01 1.488289384486540030e+03 -1.194132844176278192e-02 0.000000000000000000e+00 0.000000000000000000e+00 -1.194132844176278192e-02 0.000000000000000000e+00 0.000000000000000000e+00
7.300000000000000000e+01 1.508960070382186359e+03 -1.139371315227735888e-02 0.000000000000000000e+00 0.000000000000000000e+00 -1.139371315227735888e-02 0.000000000000000000e+00 0.000000000000000000e+00
7.400000000000000000e+01 1.529630756277832688e+03 -1.027558009106124132e-02 0.000000000000000000e+00 0.000000000000000000e+00 -1.027558009106124132e-02 0.000000000000000000e+00 0.000000000000000000e+00
7.500000000000000000e+01 1.550301442173479018e+03 -8.639523904921137670e-03 0.000000000000000000e+00 0.000000000000000000e+00 -8.639523904921137670e-03 0.000000000000000000e+00 0.000000000000000000e+00
7.600000000000000000e+01 1.570972128069125347e+03 -6.565402769304637919e-03 0.000000000000000000e+00 0.000000000000000000e+00 -6.565402769304637919e-03 0.000000000000000000e+00 0.000000000000000000e+00
7.700000000000000000e+01 1.591642813964771676e+03 -4.156610176214481193e-03 0.000000000000000000e+00 0.000000000000000000e+00 -4.156610176214481193e-03 0.000000000000000000e+00 0.000000000000000000e+00
7.800000000000000000e+01 1.612313499860418005e+03 -1.534948726806425329e-03 0.000000000000000000e+00 0.000000000000000000e+00 -1.534948726806425329e-03 0.000000000000000000e+00 0.000000000000000000e+00
7.900000000000000000e+01 1.632984185756064335e+03 1.165630982271346691e-03 0.000000000000000000e+00 0.000000000000000000e+00 1.165630982271346691e-03 0.000000000000000000e+00 0.000000000000000000e+00
8.000000000000000000e+01 1.653654871651710664e+03 3.806088265272472397e-03 0.000000000000000000e+00 0.000000000000000000e+00 3.806088265272472397e-03 0.000000000000000000e+00 0.000000000000000000e+00
8.100000000000000000e+01 1.674325557547356993e+03 6.249753018512763623e-03 0.000000000000000000e+00 0.000000000000000000e+00 6.249753018512763623e-03 0.000000000000000000e+00 0.000000000000000000e+00
8.200000000000000000e+01 1.694996243443003323e+03 8.369759222458026879e-03 0.000000000000000000e+00 0.000000000000000000e+00 8.369759222458026879e-03 0.000000000000000000e+00 0.000000000000000000e+00
8.300000000000000000e+01 1.715666929338649652e+03 1.005600754644148456e-02 0.000000000000000000e+00 0.000000000000000000e+00 1.005600754644148456e-02 0.000000000000000000e+00 0.000000000000000000e+00
8.400000000000000000e+01 1.736337615234295981e+03 1.122122576031924814e-02 0.000000000000000000e+00 0.000000000000000000e+00 1.122122576031924814e-02 0.000000000000000000e+00 0.000000000000000000e+00
8.500000000000000000e+01 1.757008301129942311e+03 1.180573923524220158e-02 0.000000000000000000e+00 0.000000000000000000e+00 1.180573923524220158e-02 0.000000000000000000e+00 0.000000000000000000e+00
8.600000000000000000e+01 1.777678987025588640e+03 1.178064141931357313e-02 0.000000000000000000e+00 0.000000000000000000e+00 1.178064141931357313e-02 0.000000000000000000e+00 0.000000000000000000e+00
8.700000000000000000e+01 1.798349672921234969e+03 1.114916352477629026e-02 0.000000000000000000e+00 0.000000000000000000e+00 1.114916352477629026e-02 0.000000000000000000e+00 0.000000000000000000e+00
8.800000000000000000e+01 1.819020358816881298e+03 9.946174602673217222e-03 0.000000000000000000e+00 0.000000000000000000e+00 9.946174602673217222e-03 0.000000000000000000e+00 0.000000000000000000e+00
8.900000000000000000e+01 1.839691044712527628e+03 8.235882502166797653e-03 0.000000000000000000e+00 0.000000000000000000e+00 8.235882502166797653e-03 0.000000000000000000e+00 0.000000000000000000e+00
9.000000000000000000e+01 1.860361730608173957e+03 6.107935032242379873e-03 0.000000000000000000e+00 0.000000000000000000e+00 6.107935032242379873e-03 0.000000000000000000e+00 0.000000000000000000e+00
9.100000000000000000e+01 1.881032416503820286e+03 3.672223068935310218e-03 0.000000000000000000e+00 0.000000000000000000e+00 3.672223068935310218e-03 0.000000000000000000e+00 0.000000000000000000e+00
9.200000000000000000e+01 1.901703102399466616e+03 1.052753544984053784e-03 0.000000000000000000e+00 0.000000000000000000e+00 1.052753544984053784e-03 0.000000000000000000e+00 0.000000000000000000e+00
9.300000000000000000e+01 1.922373788295112945e+03 -1.619011688902036823e-03 0.000000000000000000e+00 0.000000000000000000e+00 -1.619011688902036823e-03 0.000000000000000000e+00 0.000000000000000000e+00
9.400000000000000000e+01 1.943044474190759274e+03 -4.210960119902497356e-03 0.000000000000000000e+00 0.000000000000000000e+00 -4.210960119902497356e-03 0.000000000000000000e+00 0.000000000000000000e+00
9.500000000000000000e+01 1.963715160086405604e+03 -6.596913840364197756e-03 0.000000000000000000e+00 0.000000000000000000e+00 -6.596913840364197756e-03 0.000000000000000000e+00 0.000000000000000000e+00
9.600000000000000000e+01 1.984385845982051933e+03 -8.662677155586473096e-03 0.000000000000000000e+00 0.000000000000000000e+00 -8.662677155586473096e-03 0.000000000000000000e+00 0.000000000000000000e+00
9.700000000000000000e+01 2.005056531877698262e+03 -1.031127896099034123e-02 0.000000000000000000e+00 0.000000000000000000e+00 -1.031127896099034123e-02 0.000000000000000000e+00 0.000000000000000000e+00
9.800000000000000000e+01 2.025727217773344591e+03 -1.146719777501430289e-02 0.000000000000000000e+00 0.000000000000000000e+00 -1.146719777501430289e-02 0.000000000000000000e+00 0.000000000000000000e+00
9.900000000000000000e+01 2.046397903668990921e+03 -1.207941654608787191e-02 0.000000000000000000e+00 0.000000000000000000e+00 -1.207941654608787191e-02 0.000000000000000000e+00 0.000000000000000000e+00
1.000000000000000000e+02 2.067068589564637477e+03 -1.212321753988946857e-02 0.000000000000000000e+00 0.000000000000000000e+00 -1.212321753988946857e-02 0.000000000000000000e+00 0.000000000000000000e+00
