# Step, Time, Energy in eV
0.000000000000000000e+00 0.000000000000000000e+00 1.452558899344949528e-02
1.000000000000000000e+00 2.067068589564640035e+01 1.408997208534372957e-02
2.000000000000000000e+00 4.134137179129280071e+01 1.284898090170088179e-02
3.000000000000000000e+00 6.201205768693920106e+01 1.098967095097814865e-02
4.000000000000000000e+00 8.268274358258560142e+01 8.790368648031090387e-03
5.000000000000000000e+00 1.033534294782320018e+02 6.576015407347370403e-03
6.000000000000000000e+00 1.240241153738784021e+02 4.665754783090066138e-03
7.000000000000000000e+00 1.446948012695248167e+02 3.321006837719058229e-03
8.000000000000000000e+00 1.653654871651712028e+02 2.702379927211904891e-03
9.000000000000000000e+00 1.860361730608175890e+02 2.842714995039978022e-03
1.000000000000000000e+01 2.067068589564639751e+02 3.641420389767020555e-03
1.100000000000000000e+01 2.273775448521103613e+02 4.882172845485785277e-03
1.200000000000000000e+01 2.480482307477567474e+02 6.272276727217957100e-03
1.300000000000000000e+01 2.687189166434031335e+02 7.497930073592933703e-03
1.400000000000000000e+01 2.893896025390495197e+02 8.286032296991452731e-03
1.500000000000000000e+01 3.100602884346959058e+02 8.460853898473039841e-03
1.600000000000000000e+01 3.307309743303422920e+02 7.983699730349198137e-03
1.700000000000000000e+01 3.514016602259886781e+02 6.966102867069556837e-03
1.800000000000000000e+01 3.720723461216350643e+02 5.651926344253473643e-03
1.900000000000000000e+01 3.927430320172814504e+02 4.370156761271208438e-03
2.000000000000000000e+01 4.134137179129278366e+02 3.466746821351316971e-03
2.100000000000000000e+01 4.340844038085742227e+02 3.229044284417856812e-03
2.200000000000000000e+01 4.547550897042206088e+02 3.818833677193915303e-03
2.300000000000000000e+01 4.754257755998669950e+02 5.229091206772161840e-03
2.400000000000000000e+01 4.960964614955133811e+02 7.275211277322480262e-03
2.500000000000000000e+01 5.167671473911598241e+02 9.624428134752874633e-03
2.600000000000000000e+01 5.374378332868062671e+02 1.185878714705740529e-02
2.700000000000000000e+01 5.581085191824527101e+02 1.355913207670436486e-02
2.800000000000000000e+01 5.787792050780991531e+02 1.439211818208682193e-02
2.900000000000000000e+01 5.994498909737455961e+02 1.418083479397189671e-02
3.000000000000000000e+01 6.201205768693920390e+02 1.294291568650023962e-02
3.100000000000000000e+01 6.407912627650384820e+02 1.088742572546312973e-02
3.200000000000000000e+01 6.614619486606849250e+02 8.371470466268722196e-03
3.300000000000000000e+01 6.821326345563313680e+02 5.826791641028203177e-03
3.400000000000000000e+01 7.028033204519778110e+02 3.673130893427918597e-03
3.500000000000000000e+01 7.234740063476242540e+02 2.237343992308221414e-03
3.600000000000000000e+01 7.441446922432706970e+02 1.694928781541184910e-03
3.700000000000000000e+01 7.648153781389171399e+02 2.044789133027151776e-03
3.800000000000000000e+01 7.854860640345635829e+02 3.120396333740693608e-03
3.900000000000000000e+01 8.061567499302100259e+02 4.632865244844626244e-03
4.000000000000000000e+01 8.268274358258564689e+02 6.235378738659098051e-03
4.100000000000000000e+01 8.474981217215029119e+02 7.594901221123328237e-03
4.200000000000000000e+01 8.681688076171493549e+02 8.456666592348024633e-03
4.300000000000000000e+01 8.888394935127957979e+02 8.689364914408876511e-03
4.400000000000000000e+01 9.095101794084422409e+02 8.303597333685465778e-03
4.500000000000000000e+01 9.301808653040886838e+02 7.441915987557536083e-03
4.600000000000000000e+01 9.508515511997351268e+02 6.344336110973417854e-03
4.700000000000000000e+01 9.715222370953815698e+02 5.297465422146709416e-03
4.800000000000000000e+01 9.921929229910280128e+02 4.577631873650774529e-03
4.900000000000000000e+01 1.012863608886674456e+03 4.398458563505189614e-03
5.000000000000000000e+01 1.033534294782320785e+03 4.871588982514231045e-03
5.100000000000000000e+01 1.054204980677967114e+03 5.986351324252459950e-03
5.200000000000000000e+01 1.074875666573613444e+03 7.610751491395244608e-03
5.300000000000000000e+01 1.095546352469259773e+03 9.512847958032484563e-03
5.400000000000000000e+01 1.116217038364906102e+03 1.139864710092104196e-02
5.500000000000000000e+01 1.136887724260552432e+03 1.296038849799046808e-02
5.600000000000000000e+01 1.157558410156198761e+03 1.392763827397842415e-02
5.700000000000000000e+01 1.178229096051845090e+03 1.411314083195400540e-02
5.800000000000000000e+01 1.198899781947491419e+03 1.344602715421258643e-02
5.900000000000000000e+01 1.219570467843137749e+03 1.198675845078405085e-02
6.000000000000000000e+01 1.240241153738784078e+03 9.920922670703291937e-03
6.100000000000000000e+01 1.260911839634430407e+03 7.532315373322382920e-03
6.200000000000000000e+01 1.281582525530076737e+03 5.159100205436938959e-03
6.300000000000000000e+01 1.302253211425723066e+03 3.139710621580099441e-03
6.400000000000000000e+01 1.322923897321369395e+03 1.757072592202904050e-03
6.500000000000000000e+01 1.343594583217015725e+03 1.190406181205825491e-03
6.600000000000000000e+01 1.364265269112662054e+03 1.483166848125972836e-03
6.700000000000000000e+01 1.384935955008308383e+03 2.533604523128443840e-03
6.800000000000000000e+01 1.405606640903954712e+03 4.111060225327764842e-03
6.900000000000000000e+01 1.426277326799601042e+03 5.896775016540572664e-03
7.000000000000000000e+01 1.446948012695247371e+03 7.543213579961253502e-03
7.100000000000000000e+01 1.467618698590893700e+03 8.741576089070767289e-03
7.200000000000000000e+01 1.488289384486540030e+03 9.284367201315132934e-03
7.300000000000000000e+01 1.508960070382186359e+03 9.109614150496209498e-03
7.400000000000000000e+01 1.529630756277832688e+03 8.316116606569844832e-03
7.500000000000000000e+01 1.550301442173479018e+03 7.144722898773146237e-03
7.600000000000000000e+01 1.570972128069125347e+03 5.927954840032749993e-03
7.700000000000000000e+01 1.591642813964771676e+03 5.017632997113685191e-03
7.800000000000000000e+01 1.612313499860418005e+03 4.705653241001060000e-03
7.900000000000000000e+01 1.632984185756064335e+03 5.155308723816235186e-03
8.000000000000000000e+01 1.653654871651710664e+03 6.358889008738811272e-03
8.100000000000000000e+01 1.674325557547356993e+03 8.131968801587001472e-03
8.200000000000000000e+01 1.694996243443003323e+03 1.014688877035161557e-02
8.300000000000000000e+01 1.715666929338649652e+03 1.199910840553554056e-02
8.400000000000000000e+01 1.736337615234295981e+03 1.329237418624286057e-02
8.500000000000000000e+01 1.757008301129942311e+03 1.372391842841439065e-02
8.600000000000000000e+01 1.777678987025588640e+03 1.315053751631815003e-02
8.700000000000000000e+01 1.798349672921234969e+03 1.162069571894817736e-02
8.800000000000000000e+01 1.819020358816881298e+03 9.365773984233013646e-03
8.900000000000000000e+01 1.839691044712527628e+03 6.753144313808671743e-03
9.000000000000000000e+01 1.860361730608173957e+03 4.212348205422847443e-03
9.100000000000000000e+01 1.881032416503820286e+03 2.151117056500766872e-03
9.200000000000000000e+01 1.901703102399466616e+03 8.791685353814215377e-04
9.300000000000000000e+01 1.922373788295112945e+03 5.547978544996792338e-04
9.400000000000000000e+01 1.943044474190759274e+03 1.163431029184010170e-03
9.500000000000000000e+01 1.963715160086405604e+03 2.530182028481191975e-03
9.600000000000000000e+01 1.984385845982051933e+03 4.361679796741254819e-03
9.700000000000000000e+01 2.005056531877698262e+03 6.307248578102902896e-03
9.800000000000000000e+01 2.025727217773344591e+03 8.026681390111405773e-03
9.900000000000000000e+01 2.046397903668990921e+03 9.251598647514455015e-03
1.000000000000000000e+02 2.067068589564637477e+03 9.829544661201231742e-03
