# Step, Time, dipole_x, dipole_y, dipole_z (all in a.u.)
0.000000000000000000e+00 0.000000000000000000e+00 3.874201573319413505e-02 -7.752926403547796804e-16 -1.797905768865775429e-15 3.874201573319413505e-02 -7.752926403547796804e-16 -1.797905768865775429e-15
1.000000000000000000e+00 2.067068589564640035e+01 3.772125183801428028e-02 -2.837883412145107703e-15 1.525548976398107349e-15 3.772125183801428028e-02 -2.837883412145107703e-15 1.525548976398107349e-15
2.000000000000000000e+00 4.134137179129280071e+01 3.470456144773367835e-02 1.463994184118682809e-15 1.722461952283100556e-15 3.470456144773367835e-02 1.463994184118682809e-15 1.722461952283100556e-15
3.000000000000000000e+00 6.201205768693920106e+01 2.985952946722264523e-02 -7.130227425776091190e-16 -1.995228367189787331e-15 2.985952946722264523e-02 -7.130227425776091190e-16 -1.995228367189787331e-15
4.000000000000000000e+00 8.268274358258560142e+01 2.343297718869560842e-02 -3.907755163039636772e-15 -2.573939850574671166e-15 2.343297718869560842e-02 -3.907755163039636772e-15 -2.573939850574671166e-15
5.000000000000000000e+00 1.033534294782320018e+02 1.577427491835739493e-02 6.766116428847421203e-16 -6.701424761673206984e-16 1.577427491835739493e-02 6.766116428847421203e-16 -6.701424761673206984e-16
6.000000000000000000e+00 1.240241153738784021e+02 7.284279211104430218e-03 3.941997060364520295e-17 9.273245762109995191e-16 7.284279211104430218e-03 3.941997060364520295e-17 9.273245762109995191e-16
7.000000000000000000e+00 1.446948012695248167e+02 -1.588917801572387045e-03 3.669677604180104263e-18 1.801838800774512242e-15 -1.588917801572387045e-03 3.669677604180104263e-18 1.801838800774512242e-15
8.000000000000000000e+00 1.653654871651712028e+02 -1.037738290072529046e-02 7.208447884679516780e-17 1.004014391321417271e-15 -1.037738290072529046e-02 7.208447884679516780e-17 1.004014391321417271e-15
9.000000000000000000e+00 1.860361730608175890e+02 -1.861792134410805710e-02 -1.645050248296524426e-15 -4.284426434284532283e-16 -1.861792134410805710e-02 -1.645050248296524426e-15 -4.284426434284532283e-16
1.000000000000000000e+01 2.067068589564639751e+02 -2.587638147467255512e-02 -1.883725547367849189e-15 1.010070374213101183e-15 -2.587638147467255512e-02 -1.883725547367849189e-15 1.010070374213101183e-15
1.100000000000000000e+01 2.273775448521103613e+02 -3.177046843865916070e-02 4.128351281412606011e-16 -1.193188336019817559e-15 -3.177046843865916070e-02 4.128351281412606011e-16 -1.193188336019817559e-15
1.200000000000000000e+01 2.480482307477567474e+02 -3.598432358335740266e-02 1.022445540246343800e-15 1.516596917991267462e-15 -3.598432358335740266e-02 1.022445540246343800e-15 1.516596917991267462e-15
1.300000000000000000e+01 2.687189166434031335e+02 -3.830953493875774440e-02 -1.646094964557037824e-15 -2.749342117362181104e-16 -3.830953493875774440e-02 -1.646094964557037824e-15 -2.749342117362181104e-16
1.400000000000000000e+01 2.893896025390495197e+02 -3.861873710116969782e-02 -1.129658898637135994e-15 -1.520901919229236720e-15 -3.861873710116969782e-02 -1.129658898637135994e-15 -1.520901919229236720e-15
1.500000000000000000e+01 3.100602884346959058e+02 -3.689085567318958758e-02 2.466351667290344859e-17 -1.410413743006117076e-15 -3.689085567318958758e-02 2.466351667290344859e-17 -1.410413743006117076e-15
1.600000000000000000e+01 3.307309743303422920e+02 -3.322323507112318053e-02 1.409259163663346292e-15 3.223849519591630970e-16 -3.322323507112318053e-02 1.409259163663346292e-15 3.223849519591630970e-16
1.700000000000000000e+01 3.514016602259886781e+02 -2.780807543107971513e-02 5.782437430876589942e-16 7.621355320079352021e-16 -2.780807543107971513e-02 5.782437430876589942e-16 7.621355320079352021e-16
1.800000000000000000e+01 3.720723461216350643e+02 -2.092272700930675189e-02 5.440653074997560846e-16 -3.297756528651075463e-15 -2.092272700930675189e-02 5.440653074997560846e-16 -3.297756528651075463e-15
1.900000000000000000e+01 3.927430320172814504e+02 -1.294553465523506919e-02 4.416055566589276478e-15 1.266081860382907478e-15 -1.294553465523506919e-02 4.416055566589276478e-15 1.266081860382907478e-15
2.000000000000000000e+01 4.134137179129278366e+02 -4.289027098919595549e-03 -1.022220278382459865e-15 -1.988136005759385835e-16 -4.289027098919595549e-03 -1.022220278382459865e-15 -1.988136005759385835e-16
