# Step, Time, Energy in eV
0.000000000000000000e+00 0.000000000000000000e+00 -5.093824191050883201e+03
1.000000000000000000e+00 2.067068589564640035e+01 -5.093824689502842375e+03
2.000000000000000000e+00 4.134137179129280071e+01 -5.093826080680922132e+03
3.000000000000000000e+00 6.201205768693920106e+01 -5.093828074029516756e+03
4.000000000000000000e+00 8.268274358258560142e+01 -5.093830253621530574e+03
5.000000000000000000e+00 1.033534294782320018e+02 -5.093832165309084303e+03
6.000000000000000000e+00 1.240241153738784021e+02 -5.093833411387534397e+03
7.000000000000000000e+00 1.446948012695248167e+02 -5.093833733171538370e+03
8.000000000000000000e+00 1.653654871651712028e+02 -5.093833064415576700e+03
9.000000000000000000e+00 1.860361730608175890e+02 -5.093831544776062401e+03
1.000000000000000000e+01 2.067068589564639751e+02 -5.093829490671795611e+03
1.100000000000000000e+01 2.273775448521103613e+02 -5.093827329537823061e+03
1.200000000000000000e+01 2.480482307477567474e+02 -5.093825510960555221e+03
1.300000000000000000e+01 2.687189166434031335e+02 -5.093824413096942408e+03
1.400000000000000000e+01 2.893896025390495197e+02 -5.093824263770698053e+03
1.500000000000000000e+01 3.100602884346959058e+02 -5.093825093086936249e+03
1.600000000000000000e+01 3.307309743303422920e+02 -5.093826727483976356e+03
1.700000000000000000e+01 3.514016602259886781e+02 -5.093828826304285030e+03
1.800000000000000000e+01 3.720723461216350643e+02 -5.093830953096401572e+03
1.900000000000000000e+01 3.927430320172814504e+02 -5.093832666461764347e+03
2.000000000000000000e+01 4.134137179129278366e+02 -5.093833611357744303e+03
